    1  M  O  2  0  0  0  0  0  0  0  0  0  0  0              0.0000000000000000             -0.5944286666000000              0.0000000000000000            -0.0001935360000000             0.0000000000000000 
   23  M  O  2  0  0  0  0  1  0  0  0  0  0  0              0.0022064100000000              0.0771788513000000              0.0000000000000000            -0.0000325040000000             0.0000000000000000 
   44  M  O  2  0  0  0  0  2  0  0  0  0  0  0              0.0044128100000000             -0.0007533553000000              0.0000000000000000             0.0000006837000000             0.0000000000000000 
  309  M  O  2  0  0  2  -2  0  0  0  0  0  0  0              0.0728536500000000             -0.0008625455000000              0.0000000000000000            -0.0000002956000000             0.0000000000000000 
  371  M  O  2  0  0  2  0  1  0  0  0  0  0  0              0.0843436900000000              0.0021335877000000              0.0000000000000000            -0.0000008893000000             0.0000000000000000 
  379  M  O  2  0  0  2  0  2  0  0  0  0  0  0              0.0865500900000000              0.0004703233000000              0.0000000000000000             0.0000001505000000             0.0000000000000000 
  723  M  O  2  0  1  -3  1  0  1  0  0  0  0  0              0.4304543700000000             -0.0007950992000000              0.0000000000000000             0.0000017370000000             0.0000000000000000 
  792  M  O  2  0  1  -2  1  -1  0  0  0  0  0  0              0.4693146500000000              0.0013355049000000              0.0000000000000000            -0.0000005674000000             0.0000000000000000 
  799  M  O  2  0  1  -2  1  0  0  0  0  0  0  0              0.4715210500000000             -0.0185961196000000              0.0000000000000000            -0.0000064233000000             0.0000000000000000 
  808  M  O  2  0  1  -2  1  1  0  0  0  0  0  0              0.4737274600000000              0.0012073093000000              0.0000000000000000            -0.0000005190000000             0.0000000000000000 
  850  M  O  2  0  1  -1  -1  0  1  0  0  0  0  0              0.5033080300000000             -0.0005975047000000              0.0000000000000000             0.0000013051000000             0.0000000000000000 
  867  M  O  2  0  1  -1  0  0  0  0  0  0  0  0              0.5079478800000000              0.0005140368000000              0.0000000000000000             0.0000001674000000             0.0000000000000000 
  932  M  O  2  0  1  0  -1  -1  0  0  0  0  0  0              0.5421683000000001              0.0063838331000000              0.0000000000000000            -0.0000028139000000             0.0000000000000000 
  946  M  O  2  0  1  0  -1  0  0  0  0  0  0  0              0.5443747100000000             -0.0972501389000000              0.0000000000000000            -0.0000322767000000             0.0000000000000000 
  962  M  O  2  0  1  0  -1  1  0  0  0  0  0  0              0.5465811100000000              0.0063110856000000              0.0000000000000000            -0.0000025751000000             0.0000000000000000 
 1017  M  O  2  0  1  0  1  0  0  0  0  0  0  0              0.5536583300000000              0.0052043943000000              0.0000000000000000            -0.0000053092000000             0.0000000000000000 
 1026  M  O  2  0  1  0  1  1  0  0  0  0  0  0              0.5558647400000000              0.0021171359000000              0.0000000000000000            -0.0000007300000000             0.0000000000000000 
 1030  M  O  2  0  1  0  1  2  0  0  0  0  0  0              0.5580711500000000              0.0005686303000000              0.0000000000000000             0.0000001905000000             0.0000000000000000 
 1064  M  O  2  0  1  1  -1  0  -1  0  0  0  0  0              0.5854413800000000              0.0004983599000000              0.0000000000000000            -0.0000010952000000             0.0000000000000000 
 1118  M  O  2  0  1  2  -1  0  0  0  0  0  0  0              0.6265119900000000              0.0013577650000000              0.0000000000000000            -0.0000014778000000             0.0000000000000000 
 1122  M  O  2  0  1  2  -1  1  0  0  0  0  0  0              0.6287183900000000              0.0006759095000000              0.0000000000000000            -0.0000002766000000             0.0000000000000000 
 1257  M  O  2  0  2  -3  0  0  1  0  0  0  0  0              0.9748290800000000             -0.0010619465000000              0.0000000000000000             0.0000021409000000             0.0000000000000000 
 1319  M  O  2  0  2  -2  0  -1  0  0  0  0  0  0              1.0136893499999999             -0.0011506299000000              0.0000000000000000             0.0000004833000000             0.0000000000000000 
 1325  M  O  2  0  2  -2  0  0  0  0  0  0  0  0              1.0158957600000000             -0.0161326507000000              0.0000000000000000            -0.0000056860000000             0.0000000000000000 
 1333  M  O  2  0  2  -2  0  1  0  0  0  0  0  0              1.0181021699999999              0.0010338183000000              0.0000000000000000            -0.0000001957000000             0.0000000000000000 
 1405  M  O  2  0  2  -1  0  0  1  0  0  0  0  0              1.0569663600000001             -0.0005572419000000              0.0000000000000000             0.0000020347000000             0.0000000000000000 
 1447  M  O  2  0  2  0  -2  -1  0  0  0  0  0  0              1.0865430100000000              0.0004242028000000              0.0000000000000000            -0.0000001702000000             0.0000000000000000 
 1456  M  O  2  0  2  0  -2  0  0  0  0  0  0  0              1.0887494099999999             -0.0079704380000000              0.0000000000000000            -0.0000027118000000             0.0000000000000000 
 1462  M  O  2  0  2  0  -2  1  0  0  0  0  0  0              1.0909558200000000              0.0005171343000000              0.0000000000000000             0.0000002122000000             0.0000000000000000 
 1512  M  O  2  0  2  0  0  0  0  0  0  0  0  0              1.0980330400000000             -0.1841041825000000              0.0000000000000000             0.0001939970000000             0.0000000000000000 
 1529  M  O  2  0  2  0  0  1  0  0  0  0  0  0              1.1002394499999999             -0.0763323862000000              0.0000000000000000             0.0000324410000000             0.0000000000000000 
 1542  M  O  2  0  2  0  0  2  0  0  0  0  0  0              1.1024458500000001             -0.0071389094000000              0.0000000000000000            -0.0000022939000000             0.0000000000000000 
 1605  M  O  2  0  2  1  0  0  -1  0  0  0  0  0              1.1390997199999999              0.0006330154000000              0.0000000000000000            -0.0000022720000000             0.0000000000000000 
 1633  M  O  2  0  2  2  -2  0  0  0  0  0  0  0              1.1708866899999999              0.0005530890000000              0.0000000000000000            -0.0000005760000000             0.0000000000000000 
 1733  M  O  2  0  3  -4  1  0  0  0  0  0  0  0              1.4874168100000000             -0.0004959701000000              0.0000000000000000            -0.0000002238000000             0.0000000000000000 
 1827  M  O  2  0  3  -2  -1  0  0  0  0  0  0  0              1.5602704700000001             -0.0025569869000000              0.0000000000000000            -0.0000009714000000             0.0000000000000000 
 1862  M  O  2  0  3  -2  1  0  0  0  0  0  0  0              1.5695540900000000             -0.0066937294000000              0.0000000000000000             0.0000068450000000             0.0000000000000000 
 1871  M  O  2  0  3  -2  1  1  0  0  0  0  0  0              1.5717604999999999             -0.0027745745000000              0.0000000000000000             0.0000011614000000             0.0000000000000000 
 1911  M  O  2  0  3  -1  -1  0  1  0  0  0  0  0              1.6013410699999999             -0.0003289334000000              0.0000000000000000             0.0000012196000000             0.0000000000000000 
 1955  M  O  2  0  3  0  -3  0  0  0  0  0  0  0              1.6331241200000000             -0.0006402609000000              0.0000000000000000            -0.0000002521000000             0.0000000000000000 
 1989  M  O  2  0  3  0  -1  0  0  0  0  0  0  0              1.6424077500000001             -0.0352500762000000              0.0000000000000000             0.0000370294000000             0.0000000000000000 
 2001  M  O  2  0  3  0  -1  1  0  0  0  0  0  0              1.6446141500000000             -0.0146096331000000              0.0000000000000000             0.0000062177000000             0.0000000000000000 
 2011  M  O  2  0  3  0  -1  2  0  0  0  0  0  0              1.6468205600000001             -0.0013685488000000              0.0000000000000000            -0.0000004874000000             0.0000000000000000 
 2260  M  O  2  0  4  -3  0  0  1  0  0  0  0  0              2.0728621199999999             -0.0003798297000000              0.0000000000000000             0.0000014231000000             0.0000000000000000 
 2323  M  O  2  0  4  -2  0  0  0  0  0  0  0  0              2.1139288000000001             -0.0056300682000000              0.0000000000000000             0.0000062791000000             0.0000000000000000 
 2327  M  O  2  0  4  -2  0  1  0  0  0  0  0  0              2.1161352099999999             -0.0023330138000000              0.0000000000000000             0.0000009853000000             0.0000000000000000 
 2424  M  O  2  0  4  0  -2  0  0  0  0  0  0  0              2.1867824499999999             -0.0046634280000000              0.0000000000000000             0.0000048738000000             0.0000000000000000 
 2430  M  O  2  0  4  0  -2  1  0  0  0  0  0  0              2.1889888599999998             -0.0019334562000000              0.0000000000000000             0.0000007420000000             0.0000000000000000 
 2665  M  O  2  0  5  -2  -1  0  0  0  0  0  0  0              2.6583035100000001             -0.0013603200000000              0.0000000000000000             0.0000013911000000             0.0000000000000000 
 2669  M  O  2  0  5  -2  -1  1  0  0  0  0  0  0              2.6605099100000000             -0.0005636103000000              0.0000000000000000             0.0000002036000000             0.0000000000000000 
 2740  M  O  2  0  5  0  -3  0  0  0  0  0  0  0              2.7311571600000000             -0.0005247392000000              0.0000000000000000             0.0000005556000000             0.0000000000000000 
 3416  M  O  2  1  -5  2  2  0  0  0  0  0  0  0             11.8383904300000000              0.0000000000000000              0.0006268057000000             0.0000000000000000            -0.0000003012000000 
 3460  M  O  2  1  -5  4  0  0  0  0  0  0  0  0             11.9112440799999990              0.0000000000000000              0.0003888701000000             0.0000000000000000            -0.0000001831000000 
 3572  M  O  2  1  -4  0  3  0  0  0  0  0  0  0             12.3099114800000000              0.0000000000000000              0.0014604810000000             0.0000000000000000            -0.0000010311000000 
 3644  M  O  2  1  -4  2  1  -1  0  0  0  0  0  0             12.3805587300000010              0.0000000000000000              0.0007138041000000             0.0000000000000000             0.0000000484000000 
 3650  M  O  2  1  -4  2  1  0  0  0  0  0  0  0             12.3827651299999990              0.0000000000000000              0.0037833690000000             0.0000000000000000            -0.0000013865000000 
 3716  M  O  2  1  -4  4  -1  0  0  0  0  0  0  0             12.4556187900000010              0.0000000000000000              0.0007313318000000             0.0000000000000000            -0.0000001847000000 
 3871  M  O  2  1  -3  0  2  -1  0  0  0  0  0  0             12.8520797800000000              0.0000000000000000              0.0024490000000000             0.0000000000000000             0.0000007479000000 
 3876  M  O  2  1  -3  0  2  0  0  0  0  0  0  0             12.8542861900000000              0.0000000000000000              0.0129857156000000             0.0000000000000000            -0.0000066007000000 
 3974  M  O  2  1  -3  2  0  -1  0  0  0  0  0  0             12.9249334299999990              0.0000000000000000              0.0029538762000000             0.0000000000000000             0.0000008751000000 
 3979  M  O  2  1  -3  2  0  0  0  0  0  0  0  0             12.9271398400000010              0.0000000000000000              0.0156593207000000             0.0000000000000000            -0.0000060053000000 
 4033  M  O  2  1  -3  3  0  0  -1  0  0  0  0  0             12.9682065200000010              0.0000000000000000              0.0010573794000000             0.0000000000000000            -0.0000034023000000 
 4061  M  O  2  1  -3  4  -2  0  0  0  0  0  0  0             12.9999934900000000              0.0000000000000000              0.0004780929000000             0.0000000000000000            -0.0000002581000000 
 4178  M  O  2  1  -2  -1  1  0  1  0  0  0  0  0             13.3575942199999990              0.0000000000000000             -0.0008251344000000             0.0000000000000000             0.0000024664000000 
 4207  M  O  2  1  -2  0  -1  -2  0  0  0  0  0  0             13.3849644500000000              0.0000000000000000             -0.0003757438000000             0.0000000000000000             0.0000001701000000 
 4243  M  O  2  1  -2  0  1  -2  0  0  0  0  0  0             13.3942480800000010              0.0000000000000000             -0.0005689540000000             0.0000000000000000            -0.0000001651000000 
 4251  M  O  2  1  -2  0  1  -1  0  0  0  0  0  0             13.3964544900000000              0.0000000000000000              0.0185063773000000             0.0000000000000000             0.0000044599000000 
 4263  M  O  2  1  -2  0  1  0  0  0  0  0  0  0             13.3986608900000000              0.0000000000000000              0.0981305656000000             0.0000000000000000            -0.0000510204000000 
 4329  M  O  2  1  -2  1  0  0  0  0  0  0  0  0             13.4350877200000000              0.0000000000000000             -0.0005290812000000             0.0000000000000000             0.0000002435000000 
 4342  M  O  2  1  -2  1  1  0  -1  0  0  0  0  0             13.4397275700000010              0.0000000000000000              0.0009157063000000             0.0000000000000000            -0.0000029002000000 
 4380  M  O  2  1  -2  2  -1  -1  0  0  0  0  0  0             13.4693081400000010              0.0000000000000000              0.0035132094000000             0.0000000000000000             0.0000013433000000 
 4388  M  O  2  1  -2  2  -1  0  0  0  0  0  0  0             13.4715145500000000              0.0000000000000000              0.0186260860000000             0.0000000000000000            -0.0000076093000000 
 4417  M  O  2  1  -2  2  1  0  0  0  0  0  0  0             13.4807981700000000              0.0000000000000000             -0.0010587917000000             0.0000000000000000             0.0000003093000000 
 4420  M  O  2  1  -2  2  1  1  0  0  0  0  0  0             13.4830045799999990              0.0000000000000000              0.0003313822000000             0.0000000000000000             0.0000000958000000 
 4445  M  O  2  1  -2  3  -1  0  -1  0  0  0  0  0             13.5125812300000000              0.0000000000000000              0.0008602512000000             0.0000000000000000            -0.0000027468000000 
 4573  M  O  2  1  -1  -2  2  0  0  0  0  0  0  0             13.8701819499999990              0.0000000000000000             -0.0015397404000000             0.0000000000000000             0.0000007413000000 
 4597  M  O  2  1  -1  -1  0  0  1  0  0  0  0  0             13.9019689200000000              0.0000000000000000             -0.0017615379000000             0.0000000000000000             0.0000052425000000 
 4656  M  O  2  1  -1  0  0  -2  0  0  0  0  0  0             13.9386227900000000              0.0000000000000000             -0.0029620739000000             0.0000000000000000             0.0000006561000000 
 4664  M  O  2  1  -1  0  0  -1  0  0  0  0  0  0             13.9408291900000010              0.0000000000000000              0.0966886565000000             0.0000000000000000             0.0000220455000000 
 4681  M  O  2  1  -1  0  0  0  0  0  0  0  0  0             13.9430356000000000              0.0000000000000000              0.5125256711000000             0.0000000000000000            -0.0002762670000000 
 4740  M  O  2  1  -1  0  2  0  0  0  0  0  0  0             13.9523192300000010              0.0000000000000000             -0.0033019175000000             0.0000000000000000             0.0000013449000000 
 4744  M  O  2  1  -1  0  2  1  0  0  0  0  0  0             13.9545256299999990              0.0000000000000000             -0.0005379738000000             0.0000000000000000            -0.0000001313000000 
 4778  M  O  2  1  -1  1  0  0  -1  0  0  0  0  0             13.9841022800000000              0.0000000000000000              0.0015513183000000             0.0000000000000000            -0.0000048679000000 
 4840  M  O  2  1  -1  2  0  0  0  0  0  0  0  0             14.0251728800000000              0.0000000000000000             -0.0066805079000000             0.0000000000000000             0.0000022789000000 
 4845  M  O  2  1  -1  2  0  1  0  0  0  0  0  0             14.0273792900000010              0.0000000000000000              0.0014561316000000             0.0000000000000000             0.0000003760000000 
 4885  M  O  2  1  -1  3  0  0  -1  0  0  0  0  0             14.0662395600000000              0.0000000000000000             -0.0004405985000000             0.0000000000000000             0.0000012929000000 
 4982  M  O  2  1  0  -2  1  -1  0  0  0  0  0  0             14.4123502499999990              0.0000000000000000             -0.0008560949000000             0.0000000000000000            -0.0000002344000000 
 4984  M  O  2  1  0  -2  1  0  0  0  0  0  0  0             14.4145566500000000              0.0000000000000000             -0.0037795344000000             0.0000000000000000             0.0000020860000000 
 5052  M  O  2  1  0  0  -1  -1  0  0  0  0  0  0             14.4852039000000000              0.0000000000000000             -0.0026815633000000             0.0000000000000000            -0.0000006614000000 
 5059  M  O  2  1  0  0  -1  0  0  0  0  0  0  0             14.4874103100000000              0.0000000000000000             -0.0144896357000000             0.0000000000000000             0.0000063561000000 
 5100  M  O  2  1  0  0  1  -1  0  0  0  0  0  0             14.4944875300000010              0.0000000000000000              0.0011672137000000             0.0000000000000000            -0.0000014020000000 
 5110  M  O  2  1  0  0  1  0  0  0  0  0  0  0             14.4966939299999990              0.0000000000000000             -0.0402872065000000             0.0000000000000000             0.0000161257000000 
 5119  M  O  2  1  0  0  1  1  0  0  0  0  0  0             14.4989003400000000              0.0000000000000000             -0.0080852968000000             0.0000000000000000            -0.0000025125000000 
 5210  M  O  2  1  0  2  -1  0  0  0  0  0  0  0             14.5695475900000010              0.0000000000000000             -0.0077091195000000             0.0000000000000000             0.0000037479000000 
 5215  M  O  2  1  0  2  -1  1  0  0  0  0  0  0             14.5717539899999990              0.0000000000000000             -0.0016914337000000             0.0000000000000000            -0.0000003945000000 
 5260  M  O  2  1  0  3  -1  0  -1  0  0  0  0  0             14.6106142699999990              0.0000000000000000             -0.0003294048000000             0.0000000000000000             0.0000009582000000 
 5635  M  O  2  1  1  -2  0  -1  0  0  0  0  0  0             14.9567249500000000              0.0000000000000000             -0.0027023566000000             0.0000000000000000            -0.0000007135000000 
 5651  M  O  2  1  1  -2  0  0  0  0  0  0  0  0             14.9589313599999990              0.0000000000000000              0.0004047292000000             0.0000000000000000            -0.0000001160000000 
 5711  M  O  2  1  1  -2  2  0  0  0  0  0  0  0             14.9682149900000000              0.0000000000000000             -0.0003573552000000             0.0000000000000000             0.0000001701000000 
 5946  M  O  2  1  1  0  0  -1  0  0  0  0  0  0             15.0388622299999990              0.0000000000000000              0.0142689589000000             0.0000000000000000            -0.0000141064000000 
 5958  M  O  2  1  1  0  0  0  0  0  0  0  0  0             15.0410686400000010              0.0000000000000000             -0.4925288540000000             0.0000000000000000             0.0001908945000000 
 5978  M  O  2  1  1  0  0  1  0  0  0  0  0  0             15.0432750500000000              0.0000000000000000             -0.0977663900000000             0.0000000000000000            -0.0000226210000000 
 5997  M  O  2  1  1  0  0  2  0  0  0  0  0  0             15.0454814500000000              0.0000000000000000              0.0021007778000000             0.0000000000000000            -0.0000009721000000 
 6203  M  O  2  1  1  2  -2  0  0  0  0  0  0  0             15.1139222900000000              0.0000000000000000             -0.0003573541000000             0.0000000000000000             0.0000001455000000 
 6252  M  O  2  1  1  2  0  1  0  0  0  0  0  0             15.1254123300000000              0.0000000000000000              0.0003970237000000             0.0000000000000000            -0.0000004869000000 
 6582  M  O  2  1  2  -3  1  0  1  0  0  0  0  0             15.4715230100000000              0.0000000000000000             -0.0003293003000000             0.0000000000000000             0.0000009655000000 
 6636  M  O  2  1  2  -2  1  0  0  0  0  0  0  0             15.5125896900000000              0.0000000000000000             -0.0077068299000000             0.0000000000000000             0.0000032736000000 
 6642  M  O  2  1  2  -2  1  1  0  0  0  0  0  0             15.5147961000000000              0.0000000000000000             -0.0015286798000000             0.0000000000000000            -0.0000004057000000 
 6729  M  O  2  1  2  0  -1  -1  0  0  0  0  0  0             15.5832369400000010              0.0000000000000000              0.0011794660000000             0.0000000000000000            -0.0000011762000000 
 6738  M  O  2  1  2  0  -1  0  0  0  0  0  0  0             15.5854433500000000              0.0000000000000000             -0.0403016900000000             0.0000000000000000             0.0000187668000000 
 6749  M  O  2  1  2  0  -1  1  0  0  0  0  0  0             15.5876497500000010              0.0000000000000000             -0.0079883530000000             0.0000000000000000            -0.0000028477000000 
 6783  M  O  2  1  2  0  1  0  0  0  0  0  0  0             15.5947269700000000              0.0000000000000000              0.0006231299000000             0.0000000000000000            -0.0000010411000000 
 6788  M  O  2  1  2  0  1  1  0  0  0  0  0  0             15.5969333799999990              0.0000000000000000              0.0003916535000000             0.0000000000000000            -0.0000003922000000 
 6950  M  O  2  1  3  -3  0  0  1  0  0  0  0  0             16.0158977200000020              0.0000000000000000             -0.0004399639000000             0.0000000000000000             0.0000012886000000 
 6992  M  O  2  1  3  -2  0  0  0  0  0  0  0  0             16.0569643999999980              0.0000000000000000             -0.0066839796000000             0.0000000000000000             0.0000027550000000 
 6996  M  O  2  1  3  -2  0  1  0  0  0  0  0  0             16.0591708100000010              0.0000000000000000             -0.0013089232000000             0.0000000000000000            -0.0000003318000000 
 7077  M  O  2  1  3  0  -2  0  0  0  0  0  0  0             16.1298180500000010              0.0000000000000000             -0.0033036315000000             0.0000000000000000             0.0000024404000000 
 7082  M  O  2  1  3  0  -2  1  0  0  0  0  0  0             16.1320244600000000              0.0000000000000000             -0.0006542772000000             0.0000000000000000            -0.0000001384000000 
 7106  M  O  2  1  3  0  0  0  0  0  0  0  0  0             16.1391016800000000              0.0000000000000000             -0.0220445439000000             0.0000000000000000             0.0000349751000000 
 7112  M  O  2  1  3  0  0  1  0  0  0  0  0  0             16.1413080899999990              0.0000000000000000             -0.0141251705000000             0.0000000000000000             0.0000150453000000 
 7117  M  O  2  1  3  0  0  2  0  0  0  0  0  0             16.1435144900000010              0.0000000000000000             -0.0029593447000000             0.0000000000000000             0.0000012534000000 
 7275  M  O  2  1  4  -2  -1  0  0  0  0  0  0  0             16.6013391100000010              0.0000000000000000             -0.0010584591000000             0.0000000000000000             0.0000003822000000 
 7296  M  O  2  1  4  -2  1  0  0  0  0  0  0  0             16.6106227299999990              0.0000000000000000             -0.0008018614000000             0.0000000000000000             0.0000013075000000 
 7299  M  O  2  1  4  -2  1  1  0  0  0  0  0  0             16.6128291399999990              0.0000000000000000             -0.0005134944000000             0.0000000000000000             0.0000005320000000 
 7365  M  O  2  1  4  0  -1  0  0  0  0  0  0  0             16.6834763899999990              0.0000000000000000             -0.0042215295000000             0.0000000000000000             0.0000067554000000 
 7373  M  O  2  1  4  0  -1  1  0  0  0  0  0  0             16.6856827900000010              0.0000000000000000             -0.0027030948000000             0.0000000000000000             0.0000027008000000 
 7376  M  O  2  1  4  0  -1  2  0  0  0  0  0  0             16.6878892000000010              0.0000000000000000             -0.0005672643000000             0.0000000000000000             0.0000002999000000 
 7542  M  O  2  1  5  -2  0  0  0  0  0  0  0  0             17.1549974399999990              0.0000000000000000             -0.0006741045000000             0.0000000000000000             0.0000010900000000 
 7545  M  O  2  1  5  -2  0  1  0  0  0  0  0  0             17.1572038499999980              0.0000000000000000             -0.0004317648000000             0.0000000000000000             0.0000004468000000 
 7601  M  O  2  1  5  0  -2  0  0  0  0  0  0  0             17.2278510900000010              0.0000000000000000             -0.0005585807000000             0.0000000000000000             0.0000009033000000 
 7603  M  O  2  1  5  0  -2  1  0  0  0  0  0  0             17.2300575000000010              0.0000000000000000             -0.0003577779000000             0.0000000000000000             0.0000003887000000 
 8152  M  O  2  2  -4  0  4  0  0  0  0  0  0  0             26.8066054200000000              0.0003608531000000              0.0000000000000000             0.0000000350000000             0.0000000000000000 
 8196  M  O  2  2  -4  2  2  0  0  0  0  0  0  0             26.8794590699999990              0.0015093164000000              0.0000000000000000             0.0000003904000000             0.0000000000000000 
 8237  M  O  2  2  -4  4  0  0  0  0  0  0  0  0             26.9523127199999980              0.0009361918000000              0.0000000000000000             0.0000001157000000             0.0000000000000000 
 8348  M  O  2  2  -3  0  3  0  0  0  0  0  0  0             27.3509801199999990              0.0035222703000000              0.0000000000000000             0.0000002198000000             0.0000000000000000 
 8413  M  O  2  2  -3  2  1  -1  0  0  0  0  0  0             27.4216273700000000             -0.0003408667000000              0.0000000000000000             0.0000001515000000             0.0000000000000000 
 8418  M  O  2  2  -3  2  1  0  0  0  0  0  0  0             27.4238337700000020              0.0091298805000000              0.0000000000000000            -0.0000004090000000             0.0000000000000000 
 8458  M  O  2  2  -3  3  1  0  -1  0  0  0  0  0             27.4649004499999980              0.0006914380000000              0.0000000000000000            -0.0000016797000000             0.0000000000000000 
 8478  M  O  2  2  -3  4  -1  0  0  0  0  0  0  0             27.4966874300000010              0.0017617211000000              0.0000000000000000             0.0000003316000000             0.0000000000000000 
 8565  M  O  2  2  -2  -1  2  0  1  0  0  0  0  0             27.8542881499999990             -0.0004225410000000              0.0000000000000000             0.0000010251000000             0.0000000000000000 
 8623  M  O  2  2  -2  0  2  -1  0  0  0  0  0  0             27.8931484199999990             -0.0011678558000000              0.0000000000000000             0.0000003078000000             0.0000000000000000 
 8628  M  O  2  2  -2  0  2  0  0  0  0  0  0  0             27.8953548299999990              0.0313070026000000              0.0000000000000000             0.0000008483000000             0.0000000000000000 
 8665  M  O  2  2  -2  1  0  0  1  0  0  0  0  0             27.9271418000000010             -0.0005319207000000              0.0000000000000000             0.0000012423000000             0.0000000000000000 
 8673  M  O  2  2  -2  1  1  0  0  0  0  0  0  0             27.9317816500000010             -0.0003344942000000              0.0000000000000000            -0.0000000375000000             0.0000000000000000 
 8680  M  O  2  2  -2  1  2  0  -1  0  0  0  0  0             27.9364215099999990              0.0004840849000000              0.0000000000000000            -0.0000011830000000             0.0000000000000000 
 8715  M  O  2  2  -2  2  0  -1  0  0  0  0  0  0             27.9660020699999980             -0.0014090405000000              0.0000000000000000             0.0000000278000000             0.0000000000000000 
 8720  M  O  2  2  -2  2  0  0  0  0  0  0  0  0             27.9682084800000010              0.0377850712000000              0.0000000000000000             0.0000002561000000             0.0000000000000000 
 8769  M  O  2  2  -2  3  0  0  -1  0  0  0  0  0             28.0092751600000010              0.0025483321000000              0.0000000000000000            -0.0000067077000000             0.0000000000000000 
 8795  M  O  2  2  -2  4  -2  0  0  0  0  0  0  0             28.0410621300000000              0.0011523003000000              0.0000000000000000             0.0000001127000000             0.0000000000000000 
 8874  M  O  2  2  -1  -2  3  0  0  0  0  0  0  0             28.3668758799999980             -0.0007613227000000              0.0000000000000000            -0.0000000485000000             0.0000000000000000 
 8898  M  O  2  2  -1  -1  1  0  1  0  0  0  0  0             28.3986628600000020             -0.0019886844000000              0.0000000000000000             0.0000047810000000             0.0000000000000000 
 8927  M  O  2  2  -1  0  -1  -2  0  0  0  0  0  0             28.4260330900000010             -0.0009061219000000              0.0000000000000000            -0.0000000829000000             0.0000000000000000 
 8965  M  O  2  2  -1  0  1  -1  0  0  0  0  0  0             28.4375231299999990             -0.0088323900000000              0.0000000000000000             0.0000050639000000             0.0000000000000000 
 8976  M  O  2  2  -1  0  1  0  0  0  0  0  0  0             28.4397295300000010              0.2365821950000000              0.0000000000000000             0.0000040182000000             0.0000000000000000 
 9020  M  O  2  2  -1  1  -1  0  1  0  0  0  0  0             28.4715165100000010             -0.0004389157000000              0.0000000000000000             0.0000010457000000             0.0000000000000000 
 9034  M  O  2  2  -1  1  0  0  0  0  0  0  0  0             28.4761563600000010             -0.0012761132000000              0.0000000000000000            -0.0000001089000000             0.0000000000000000 
 9048  M  O  2  2  -1  1  1  0  -1  0  0  0  0  0             28.4807962100000010              0.0022078114000000              0.0000000000000000            -0.0000055290000000             0.0000000000000000 
 9077  M  O  2  2  -1  2  -1  -1  0  0  0  0  0  0             28.5103767800000010             -0.0016750128000000              0.0000000000000000             0.0000006761000000             0.0000000000000000 
 9082  M  O  2  2  -1  2  -1  0  0  0  0  0  0  0             28.5125831900000010              0.0449404707000000              0.0000000000000000            -0.0000002587000000             0.0000000000000000 
 9135  M  O  2  2  -1  3  -1  0  -1  0  0  0  0  0             28.5536498700000010              0.0020732300000000              0.0000000000000000            -0.0000044372000000             0.0000000000000000 
 9222  M  O  2  2  0  -2  0  -2  0  0  0  0  0  0             28.8975541500000010             -0.0005363467000000              0.0000000000000000            -0.0000000543000000             0.0000000000000000 
 9241  M  O  2  2  0  -2  2  0  0  0  0  0  0  0             28.9112505900000020             -0.0037094471000000              0.0000000000000000            -0.0000006526000000             0.0000000000000000 
 9266  M  O  2  2  0  -1  0  0  1  0  0  0  0  0             28.9430375600000000             -0.0042458634000000              0.0000000000000000             0.0000099133000000             0.0000000000000000 
 9313  M  O  2  2  0  0  0  -2  0  0  0  0  0  0             28.9796914299999990              0.0006421910000000              0.0000000000000000            -0.0000005324000000             0.0000000000000000 
 9323  M  O  2  2  0  0  0  -1  0  0  0  0  0  0             28.9818978300000010             -0.0461038339000000              0.0000000000000000             0.0000258211000000             0.0000000000000000 
 9337  M  O  2  2  0  0  0  0  0  0  0  0  0  0             28.9841042400000010              1.2356348081000001              0.0000000000000000             0.0000130692000000             0.0000000000000000 
 9341  M  O  2  2  0  0  0  0  2  0  0  0  0  0             28.9841081600000020              0.0005900052000000              0.0000000000000000            -0.0000974123000000             0.0000000000000000 
 9383  M  O  2  2  0  0  2  0  0  0  0  0  0  0             28.9933878699999990              0.0007155908000000              0.0000000000000000            -0.0000006847000000             0.0000000000000000 
 9417  M  O  2  2  0  1  0  0  -1  0  0  0  0  0             29.0251709200000010              0.0037404817000000              0.0000000000000000            -0.0000095043000000             0.0000000000000000 
 9445  M  O  2  2  0  2  -2  0  0  0  0  0  0  0             29.0569578900000000             -0.0007041774000000              0.0000000000000000            -0.0000000738000000             0.0000000000000000 
 9465  M  O  2  2  0  2  0  0  0  0  0  0  0  0             29.0662415199999980              0.0014486877000000              0.0000000000000000            -0.0000012811000000             0.0000000000000000 
 9467  M  O  2  2  0  2  0  1  0  0  0  0  0  0             29.0684479300000010             -0.0006946925000000              0.0000000000000000             0.0000003423000000             0.0000000000000000 
 9544  M  O  2  2  1  -3  1  0  1  0  0  0  0  0             29.4145586200000010             -0.0004364070000000              0.0000000000000000             0.0000010544000000             0.0000000000000000 
 9565  M  O  2  2  1  -2  1  -1  0  0  0  0  0  0             29.4534188899999980              0.0004078966000000              0.0000000000000000            -0.0000001808000000             0.0000000000000000 
 9568  M  O  2  2  1  -2  1  0  0  0  0  0  0  0             29.4556252900000000             -0.0091115174000000              0.0000000000000000            -0.0000001537000000             0.0000000000000000 
 9615  M  O  2  2  1  0  -1  -1  0  0  0  0  0  0             29.5262725400000010              0.0012779432000000              0.0000000000000000            -0.0000006223000000             0.0000000000000000 
 9622  M  O  2  2  1  0  -1  0  0  0  0  0  0  0             29.5284789500000000             -0.0349288916000000              0.0000000000000000            -0.0000001547000000             0.0000000000000000 
 9661  M  O  2  2  1  0  1  0  0  0  0  0  0  0             29.5377625700000020              0.0087309104000000              0.0000000000000000            -0.0000088632000000             0.0000000000000000 
 9664  M  O  2  2  1  0  1  1  0  0  0  0  0  0             29.5399689800000010              0.0038533059000000              0.0000000000000000            -0.0000022832000000             0.0000000000000000 
 9668  M  O  2  2  1  0  1  2  0  0  0  0  0  0             29.5421753900000010              0.0005449133000000              0.0000000000000000             0.0000000421000000             0.0000000000000000 
 9718  M  O  2  2  1  2  -1  0  0  0  0  0  0  0             29.6106162300000020              0.0016701693000000              0.0000000000000000            -0.0000017364000000             0.0000000000000000 
 9721  M  O  2  2  1  2  -1  1  0  0  0  0  0  0             29.6128226300000000              0.0008062962000000              0.0000000000000000            -0.0000004169000000             0.0000000000000000 
 10048  M  O  2  2  2  -2  0  -1  0  0  0  0  0  0             29.9977935900000010              0.0012872101000000              0.0000000000000000            -0.0000006069000000             0.0000000000000000 
 10066  M  O  2  2  2  -2  0  0  0  0  0  0  0  0             30.0000000000000000              0.0009862720000000              0.0000000000000000             0.0000000841000000             0.0000000000000000 
 10295  M  O  2  2  2  0  0  -1  0  0  0  0  0  0             30.0799308699999980             -0.0019991567000000              0.0000000000000000             0.0000031957000000             0.0000000000000000 
 10303  M  O  2  2  2  0  0  0  0  0  0  0  0  0             30.0821372800000010              0.1067392061000000              0.0000000000000000            -0.0001036988000000             0.0000000000000000 
 10318  M  O  2  2  2  0  0  1  0  0  0  0  0  0             30.0843436900000010              0.0465420663000000              0.0000000000000000            -0.0000184316000000             0.0000000000000000 
 10327  M  O  2  2  2  0  0  2  0  0  0  0  0  0             30.0865500899999990              0.0050601243000000              0.0000000000000000            -0.0000000234000000             0.0000000000000000 
 10756  M  O  2  2  3  -2  1  0  0  0  0  0  0  0             30.5536583300000010              0.0016704249000000              0.0000000000000000            -0.0000017530000000             0.0000000000000000 
 10759  M  O  2  2  3  -2  1  1  0  0  0  0  0  0             30.5558647400000010              0.0007282016000000              0.0000000000000000            -0.0000003543000000             0.0000000000000000 
 10826  M  O  2  2  3  0  -1  0  0  0  0  0  0  0             30.6265119900000010              0.0087370904000000              0.0000000000000000            -0.0000097436000000             0.0000000000000000 
 10833  M  O  2  2  3  0  -1  1  0  0  0  0  0  0             30.6287183900000000              0.0038046538000000              0.0000000000000000            -0.0000014434000000             0.0000000000000000 
 10839  M  O  2  2  3  0  -1  2  0  0  0  0  0  0             30.6309247999999990              0.0004130032000000              0.0000000000000000             0.0000000192000000             0.0000000000000000 
 10982  M  O  2  2  4  -2  0  0  0  0  0  0  0  0             31.0980330400000010              0.0014490240000000              0.0000000000000000            -0.0000015073000000             0.0000000000000000 
 10984  M  O  2  2  4  -2  0  1  0  0  0  0  0  0             31.1002394500000000              0.0006235953000000              0.0000000000000000            -0.0000003046000000             0.0000000000000000 
 11032  M  O  2  2  4  0  -2  0  0  0  0  0  0  0             31.1708866900000000              0.0007158853000000              0.0000000000000000            -0.0000007433000000             0.0000000000000000 
 11052  M  O  2  2  4  0  0  0  0  0  0  0  0  0             31.1801703199999980              0.0022859815000000              0.0000000000000000            -0.0000050957000000             0.0000000000000000 
 11056  M  O  2  2  4  0  0  1  0  0  0  0  0  0             31.1823767300000010              0.0019822383000000              0.0000000000000000            -0.0000032256000000             0.0000000000000000 
 11059  M  O  2  2  4  0  0  2  0  0  0  0  0  0             31.1845831300000000              0.0006413916000000              0.0000000000000000            -0.0000006733000000             0.0000000000000000 
 11210  M  O  2  2  5  0  -1  0  0  0  0  0  0  0             31.7245450300000020              0.0004378226000000              0.0000000000000000            -0.0000009590000000             0.0000000000000000 
 11213  M  O  2  2  5  0  -1  1  0  0  0  0  0  0             31.7267514300000000              0.0003792946000000              0.0000000000000000            -0.0000006217000000             0.0000000000000000 