90.00000		85.00000		120.00000		 0.00000		 3.75050
90.00000		85.00000		240.00000		120.00000		 1.52228
90.00000		85.00000		360.00000		240.00000		11.65207
85.00000		80.00000		40.00000		 0.00000		11.12240
85.00000		80.00000		80.00000		40.00000		20.97380
85.00000		80.00000		120.00000		80.00000		 8.82116
85.00000		80.00000		160.00000		120.00000		 8.62620
85.00000		80.00000		200.00000		160.00000		 1.05789
85.00000		80.00000		240.00000		200.00000		 8.06484
85.00000		80.00000		280.00000		240.00000		 6.02172
85.00000		80.00000		320.00000		280.00000		13.65118
85.00000		80.00000		360.00000		320.00000		14.96753
80.00000		75.00000		23.00000		 0.00000		26.38690
80.00000		75.00000		45.00000		23.00000		 4.49507
80.00000		75.00000		68.00000		45.00000		-8.06349
80.00000		75.00000		90.00000		68.00000		-8.82587
80.00000		75.00000		113.00000		90.00000		-9.32004
80.00000		75.00000		135.00000		113.00000		-4.45308
80.00000		75.00000		158.00000		135.00000		-21.56708
80.00000		75.00000		180.00000		158.00000		-6.62732
80.00000		75.00000		203.00000		180.00000		 5.05185
80.00000		75.00000		225.00000		203.00000		-12.67704
80.00000		75.00000		248.00000		225.00000		-1.09664
80.00000		75.00000		270.00000		248.00000		-7.54703
80.00000		75.00000		293.00000		270.00000		 5.54513
80.00000		75.00000		315.00000		293.00000		33.74535
80.00000		75.00000		360.00000		338.00000		17.31377
75.00000		70.00000		16.00000		 0.00000		29.74110
75.00000		70.00000		33.00000		16.00000		 1.85969
75.00000		70.00000		49.00000		33.00000		 3.23001
75.00000		70.00000		65.00000		49.00000		-4.01859
75.00000		70.00000		82.00000		65.00000		-17.27570
75.00000		70.00000		98.00000		82.00000		-13.87772
75.00000		70.00000		115.00000		98.00000		-10.88903
75.00000		70.00000		131.00000		115.00000		 7.49171
75.00000		70.00000		147.00000		131.00000		 4.35823
75.00000		70.00000		164.00000		147.00000		 8.74155
75.00000		70.00000		180.00000		164.00000		-1.07156
75.00000		70.00000		196.00000		180.00000		-5.58891
75.00000		70.00000		213.00000		196.00000		-13.83259
75.00000		70.00000		229.00000		213.00000		-6.49059
75.00000		70.00000		245.00000		229.00000		-2.17839
75.00000		70.00000		262.00000		245.00000		-21.19283
75.00000		70.00000		278.00000		262.00000		-5.82766
75.00000		70.00000		295.00000		278.00000		-0.23359
75.00000		70.00000		311.00000		295.00000		11.95577
75.00000		70.00000		327.00000		311.00000		21.20728
75.00000		70.00000		344.00000		327.00000		30.87144
75.00000		70.00000		360.00000		344.00000		32.96719
70.00000		65.00000		13.00000		 0.00000		11.38477
70.00000		65.00000		26.00000		13.00000		 1.48611
70.00000		65.00000		39.00000		26.00000		 3.36338
70.00000		65.00000		51.00000		39.00000		 0.16237
70.00000		65.00000		64.00000		51.00000		 1.26114
70.00000		65.00000		77.00000		64.00000		-17.32643
70.00000		65.00000		90.00000		77.00000		-11.67010
70.00000		65.00000		103.00000		90.00000		-16.38544
70.00000		65.00000		116.00000		103.00000		-18.49933
70.00000		65.00000		129.00000		116.00000		-19.09910
70.00000		65.00000		141.00000		129.00000		 5.62721
70.00000		65.00000		154.00000		141.00000		 9.82094
70.00000		65.00000		167.00000		154.00000		13.14479
70.00000		65.00000		180.00000		167.00000		21.58477
70.00000		65.00000		193.00000		180.00000		 3.78757
70.00000		65.00000		206.00000		193.00000		-0.72508
70.00000		65.00000		219.00000		206.00000		18.90381
70.00000		65.00000		231.00000		219.00000		 4.88970
70.00000		65.00000		244.00000		231.00000		-1.00985
70.00000		65.00000		257.00000		244.00000		-22.26249
70.00000		65.00000		270.00000		257.00000		-30.86058
70.00000		65.00000		283.00000		270.00000		-30.48981
70.00000		65.00000		296.00000		283.00000		-22.04927
70.00000		65.00000		309.00000		296.00000		20.18029
70.00000		65.00000		321.00000		309.00000		27.23203
70.00000		65.00000		334.00000		321.00000		35.92027
70.00000		65.00000		347.00000		334.00000		37.40683
70.00000		65.00000		360.00000		347.00000		18.80840
65.00000		60.00000		11.00000		 0.00000		10.52441
65.00000		60.00000		22.00000		11.00000		-9.91892
65.00000		60.00000		33.00000		22.00000		-7.07492
65.00000		60.00000		44.00000		33.00000		 4.06954
65.00000		60.00000		55.00000		44.00000		 2.56573
65.00000		60.00000		65.00000		55.00000		 5.44938
65.00000		60.00000		76.00000		65.00000		-20.25498
65.00000		60.00000		87.00000		76.00000		-15.48858
65.00000		60.00000		98.00000		87.00000		-30.39418
65.00000		60.00000		109.00000		98.00000		-36.09015
65.00000		60.00000		120.00000		109.00000		-24.87525
65.00000		60.00000		131.00000		120.00000		-22.26349
65.00000		60.00000		142.00000		131.00000		-1.84446
65.00000		60.00000		153.00000		142.00000		19.87962
65.00000		60.00000		164.00000		153.00000		17.68063
65.00000		60.00000		175.00000		164.00000		13.71545
65.00000		60.00000		185.00000		175.00000		 2.04726
65.00000		60.00000		196.00000		185.00000		 0.20907
65.00000		60.00000		207.00000		196.00000		13.90649
65.00000		60.00000		218.00000		207.00000		26.68578
65.00000		60.00000		229.00000		218.00000		31.18074
65.00000		60.00000		240.00000		229.00000		11.16831
65.00000		60.00000		251.00000		240.00000		-17.37055
65.00000		60.00000		262.00000		251.00000		-29.76663
65.00000		60.00000		273.00000		262.00000		-39.83393
65.00000		60.00000		284.00000		273.00000		-25.83964
65.00000		60.00000		295.00000		284.00000		-16.30146
65.00000		60.00000		305.00000		295.00000		-1.11198
65.00000		60.00000		316.00000		305.00000		12.19261
65.00000		60.00000		327.00000		316.00000		23.16663
65.00000		60.00000		338.00000		327.00000		36.37268
65.00000		60.00000		349.00000		338.00000		28.94311
65.00000		60.00000		360.00000		349.00000		17.50414
60.00000		55.00000		 9.00000		 0.00000		 0.49485
60.00000		55.00000		18.00000		 9.00000		-1.44110
60.00000		55.00000		28.00000		18.00000		-18.31781
60.00000		55.00000		37.00000		28.00000		 5.80515
60.00000		55.00000		46.00000		37.00000		 2.18936
60.00000		55.00000		55.00000		46.00000		 0.04311
60.00000		55.00000		65.00000		55.00000		 8.52206
60.00000		55.00000		74.00000		65.00000		-14.50414
60.00000		55.00000		83.00000		74.00000		-13.98880
60.00000		55.00000		92.00000		83.00000		-15.16025
60.00000		55.00000		102.00000		92.00000		-26.89440
60.00000		55.00000		111.00000		102.00000		-19.40134
60.00000		55.00000		120.00000		111.00000		-35.60067
60.00000		55.00000		129.00000		120.00000		-31.18018
60.00000		55.00000		138.00000		129.00000		-7.87917
60.00000		55.00000		148.00000		138.00000		 4.78309
60.00000		55.00000		157.00000		148.00000		16.19922
60.00000		55.00000		166.00000		157.00000		15.54490
60.00000		55.00000		175.00000		166.00000		-1.46797
60.00000		55.00000		185.00000		175.00000		-14.14065
60.00000		55.00000		194.00000		185.00000		15.32531
60.00000		55.00000		203.00000		194.00000		24.59429
60.00000		55.00000		212.00000		203.00000		15.45498
60.00000		55.00000		222.00000		212.00000		 7.02699
60.00000		55.00000		231.00000		222.00000		14.66338
60.00000		55.00000		240.00000		231.00000		13.99709
60.00000		55.00000		249.00000		240.00000		-7.64412
60.00000		55.00000		258.00000		249.00000		-13.07055
60.00000		55.00000		268.00000		258.00000		-24.55263
60.00000		55.00000		277.00000		268.00000		-40.16685
60.00000		55.00000		286.00000		277.00000		-38.78891
60.00000		55.00000		295.00000		286.00000		-25.41534
60.00000		55.00000		305.00000		295.00000		-13.03919
60.00000		55.00000		314.00000		305.00000		 8.43169
60.00000		55.00000		323.00000		314.00000		19.30403
60.00000		55.00000		332.00000		323.00000		36.45409
60.00000		55.00000		342.00000		332.00000		18.65722
60.00000		55.00000		351.00000		342.00000		15.50907
60.00000		55.00000		360.00000		351.00000		16.24233
55.00000		50.00000		 8.00000		 0.00000		-5.99149
55.00000		50.00000		16.00000		 8.00000		10.45084
55.00000		50.00000		25.00000		16.00000		 1.38679
55.00000		50.00000		33.00000		25.00000		 4.53214
55.00000		50.00000		41.00000		33.00000		 1.73550
55.00000		50.00000		49.00000		41.00000		 0.23942
55.00000		50.00000		57.00000		49.00000		-5.56204
55.00000		50.00000		65.00000		57.00000		 5.60627
55.00000		50.00000		74.00000		65.00000		-5.24289
55.00000		50.00000		82.00000		74.00000		-18.43158
55.00000		50.00000		90.00000		82.00000		-10.50078
55.00000		50.00000		98.00000		90.00000		-21.74300
55.00000		50.00000		106.00000		98.00000		-31.14009
55.00000		50.00000		115.00000		106.00000		-7.37312
55.00000		50.00000		123.00000		115.00000		-2.83830
55.00000		50.00000		131.00000		123.00000		 6.72721
55.00000		50.00000		139.00000		131.00000		23.48835
55.00000		50.00000		147.00000		139.00000		14.71489
55.00000		50.00000		155.00000		147.00000		15.59362
55.00000		50.00000		164.00000		155.00000		-20.59138
55.00000		50.00000		172.00000		164.00000		-4.21422
55.00000		50.00000		180.00000		172.00000		-13.35476
55.00000		50.00000		188.00000		180.00000		-22.88085
55.00000		50.00000		196.00000		188.00000		 9.23796
55.00000		50.00000		205.00000		196.00000		17.54849
55.00000		50.00000		213.00000		205.00000		17.24188
55.00000		50.00000		221.00000		213.00000		16.09496
55.00000		50.00000		229.00000		221.00000		 0.44558
55.00000		50.00000		237.00000		229.00000		 7.79451
55.00000		50.00000		245.00000		237.00000		 7.81915
55.00000		50.00000		254.00000		245.00000		-2.48611
55.00000		50.00000		262.00000		254.00000		-0.66652
55.00000		50.00000		270.00000		262.00000		-11.13785
55.00000		50.00000		278.00000		270.00000		-25.46797
55.00000		50.00000		286.00000		278.00000		-30.95308
55.00000		50.00000		295.00000		286.00000		-10.59597
55.00000		50.00000		303.00000		295.00000		-19.51489
55.00000		50.00000		311.00000		303.00000		 1.02508
55.00000		50.00000		319.00000		311.00000		16.50392
55.00000		50.00000		327.00000		319.00000		31.06405
55.00000		50.00000		335.00000		327.00000		25.60235
55.00000		50.00000		344.00000		335.00000		17.62195
55.00000		50.00000		352.00000		344.00000		22.81142
55.00000		50.00000		360.00000		352.00000		11.98343
50.00000		45.00000		 7.00000		 0.00000		 6.53135
50.00000		45.00000		15.00000		 7.00000		12.15588
50.00000		45.00000		22.00000		15.00000		18.42430
50.00000		45.00000		29.00000		22.00000		17.61142
50.00000		45.00000		37.00000		29.00000		11.10470
50.00000		45.00000		44.00000		37.00000		-3.51892
50.00000		45.00000		51.00000		44.00000		-17.77469
50.00000		45.00000		59.00000		51.00000		-20.06865
50.00000		45.00000		66.00000		59.00000		-6.83819
50.00000		45.00000		73.00000		66.00000		-14.15666
50.00000		45.00000		81.00000		73.00000		-25.96517
50.00000		45.00000		88.00000		81.00000		-36.65342
50.00000		45.00000		96.00000		88.00000		-16.35106
50.00000		45.00000		103.00000		96.00000		-15.98802
50.00000		45.00000		110.00000		103.00000		-0.50112
50.00000		45.00000		118.00000		110.00000		-2.77772
50.00000		45.00000		125.00000		118.00000		 7.43080
50.00000		45.00000		132.00000		125.00000		18.25610
50.00000		45.00000		140.00000		132.00000		30.07783
50.00000		45.00000		147.00000		140.00000		11.45778
50.00000		45.00000		154.00000		147.00000		 9.99115
50.00000		45.00000		162.00000		154.00000		-4.89709
50.00000		45.00000		169.00000		162.00000		-17.62184
50.00000		45.00000		176.00000		169.00000		-8.26361
50.00000		45.00000		184.00000		176.00000		 4.30381
50.00000		45.00000		191.00000		184.00000		17.53124
50.00000		45.00000		198.00000		191.00000		11.21232
50.00000		45.00000		206.00000		198.00000		 8.04602
50.00000		45.00000		213.00000		206.00000		-19.66159
50.00000		45.00000		220.00000		213.00000		-17.18488
50.00000		45.00000		228.00000		220.00000		-17.57861
50.00000		45.00000		235.00000		228.00000		-7.52755
50.00000		45.00000		242.00000		235.00000		-8.68555
50.00000		45.00000		250.00000		242.00000		10.23080
50.00000		45.00000		257.00000		250.00000		15.20661
50.00000		45.00000		264.00000		257.00000		 6.67324
50.00000		45.00000		272.00000		264.00000		 1.97312
50.00000		45.00000		279.00000		272.00000		-8.64916
50.00000		45.00000		287.00000		279.00000		-16.32408
50.00000		45.00000		294.00000		287.00000		-6.00705
50.00000		45.00000		301.00000		294.00000		-12.93595
50.00000		45.00000		309.00000		301.00000		 7.74950
50.00000		45.00000		316.00000		309.00000		21.87391
50.00000		45.00000		323.00000		316.00000		13.54390
50.00000		45.00000		331.00000		323.00000		27.72688
50.00000		45.00000		338.00000		331.00000		35.00817
50.00000		45.00000		345.00000		338.00000		13.64323
50.00000		45.00000		353.00000		345.00000		 5.77133
50.00000		45.00000		360.00000		353.00000		 4.63919
45.00000		40.00000		 7.00000		 0.00000		13.84524
45.00000		40.00000		14.00000		 7.00000		 8.54614
45.00000		40.00000		20.00000		14.00000		24.31041
45.00000		40.00000		27.00000		20.00000		24.57884
45.00000		40.00000		34.00000		27.00000		 6.41433
45.00000		40.00000		41.00000		34.00000		-4.55039
45.00000		40.00000		48.00000		41.00000		16.13191
45.00000		40.00000		54.00000		48.00000		-17.59888
45.00000		40.00000		61.00000		54.00000		-7.04647
45.00000		40.00000		68.00000		61.00000		-18.16215
45.00000		40.00000		75.00000		68.00000		-30.69115
45.00000		40.00000		82.00000		75.00000		-7.26450
45.00000		40.00000		88.00000		82.00000		-18.10896
45.00000		40.00000		95.00000		88.00000		-31.17671
45.00000		40.00000		102.00000		95.00000		-3.24132
45.00000		40.00000		109.00000		102.00000		 1.86753
45.00000		40.00000		115.00000		109.00000		-0.80728
45.00000		40.00000		122.00000		115.00000		10.37021
45.00000		40.00000		129.00000		122.00000		19.74166
45.00000		40.00000		136.00000		129.00000		23.31557
45.00000		40.00000		143.00000		136.00000		16.75420
45.00000		40.00000		149.00000		143.00000		-14.42699
45.00000		40.00000		156.00000		149.00000		-11.77884
45.00000		40.00000		163.00000		156.00000		-6.33539
45.00000		40.00000		170.00000		163.00000		-20.74412
45.00000		40.00000		177.00000		170.00000		-8.41769
45.00000		40.00000		183.00000		177.00000		-9.19866
45.00000		40.00000		190.00000		183.00000		-7.20078
45.00000		40.00000		197.00000		190.00000		-7.46652
45.00000		40.00000		204.00000		197.00000		-2.82195
45.00000		40.00000		211.00000		204.00000		-1.20941
45.00000		40.00000		217.00000		211.00000		-7.92172
45.00000		40.00000		224.00000		217.00000		-7.64703
45.00000		40.00000		231.00000		224.00000		-7.77447
45.00000		40.00000		238.00000		231.00000		-8.98365
45.00000		40.00000		245.00000		238.00000		11.45957
45.00000		40.00000		251.00000		245.00000		26.48634
45.00000		40.00000		258.00000		251.00000		16.70482
45.00000		40.00000		265.00000		258.00000		-0.73863
45.00000		40.00000		272.00000		265.00000		-7.93348
45.00000		40.00000		278.00000		272.00000		-7.29295
45.00000		40.00000		285.00000		278.00000		-7.99888
45.00000		40.00000		292.00000		285.00000		 2.41859
45.00000		40.00000		299.00000		292.00000		-6.21478
45.00000		40.00000		306.00000		299.00000		-17.42844
45.00000		40.00000		312.00000		306.00000		 7.33080
45.00000		40.00000		319.00000		312.00000		 0.73953
45.00000		40.00000		326.00000		319.00000		15.39205
45.00000		40.00000		333.00000		326.00000		31.97592
45.00000		40.00000		340.00000		333.00000		25.19530
45.00000		40.00000		346.00000		340.00000		 3.36540
45.00000		40.00000		353.00000		346.00000		 7.44950
45.00000		40.00000		360.00000		353.00000		 9.32900
40.00000		35.00000		 6.00000		 0.00000		14.37413
40.00000		35.00000		13.00000		 6.00000		20.32844
40.00000		35.00000		19.00000		13.00000		 1.69328
40.00000		35.00000		25.00000		19.00000		-1.11209
40.00000		35.00000		32.00000		25.00000		15.66159
40.00000		35.00000		38.00000		32.00000		34.53046
40.00000		35.00000		44.00000		38.00000		27.55644
40.00000		35.00000		51.00000		44.00000		47.35431
40.00000		35.00000		57.00000		51.00000		 6.50022
40.00000		35.00000		63.00000		57.00000		-10.89944
40.00000		35.00000		69.00000		63.00000		-22.21568
40.00000		35.00000		76.00000		69.00000		-1.36394
40.00000		35.00000		82.00000		76.00000		-7.87055
40.00000		35.00000		88.00000		82.00000		-4.30000
40.00000		35.00000		95.00000		88.00000		10.95174
40.00000		35.00000		101.00000		95.00000		11.38399
40.00000		35.00000		107.00000		101.00000		-12.28499
40.00000		35.00000		114.00000		107.00000		-33.85532
40.00000		35.00000		120.00000		114.00000		-17.61400
40.00000		35.00000		126.00000		120.00000		10.76461
40.00000		35.00000		133.00000		126.00000		14.23270
40.00000		35.00000		139.00000		133.00000		26.20929
40.00000		35.00000		145.00000		139.00000		11.06920
40.00000		35.00000		152.00000		145.00000		 4.17424
40.00000		35.00000		158.00000		152.00000		-13.10146
40.00000		35.00000		164.00000		158.00000		-14.05812
40.00000		35.00000		171.00000		164.00000		-22.71870
40.00000		35.00000		177.00000		171.00000		-10.11053
40.00000		35.00000		183.00000		177.00000		-8.68466
40.00000		35.00000		189.00000		183.00000		-6.91153
40.00000		35.00000		196.00000		189.00000		-16.18175
40.00000		35.00000		202.00000		196.00000		-8.44255
40.00000		35.00000		208.00000		202.00000		-6.06473
40.00000		35.00000		215.00000		208.00000		-7.35039
40.00000		35.00000		221.00000		215.00000		-13.62564
40.00000		35.00000		227.00000		221.00000		-19.42004
40.00000		35.00000		234.00000		227.00000		-22.72923
40.00000		35.00000		240.00000		234.00000		-14.96215
40.00000		35.00000		246.00000		240.00000		-2.72408
40.00000		35.00000		253.00000		246.00000		 7.14099
40.00000		35.00000		259.00000		253.00000		 9.21781
40.00000		35.00000		265.00000		259.00000		-10.86439
40.00000		35.00000		272.00000		265.00000		-5.90370
40.00000		35.00000		278.00000		272.00000		-2.80459
40.00000		35.00000		284.00000		278.00000		 0.50560
40.00000		35.00000		291.00000		284.00000		-22.31433
40.00000		35.00000		297.00000		291.00000		-22.83975
40.00000		35.00000		303.00000		297.00000		-15.85174
40.00000		35.00000		309.00000		303.00000		-13.09026
40.00000		35.00000		316.00000		309.00000		-5.61881
40.00000		35.00000		322.00000		316.00000		13.00459
40.00000		35.00000		328.00000		322.00000		34.85521
40.00000		35.00000		335.00000		328.00000		51.98432
40.00000		35.00000		341.00000		335.00000		 9.39295
40.00000		35.00000		347.00000		341.00000		12.78634
40.00000		35.00000		354.00000		347.00000		 7.60941
40.00000		35.00000		360.00000		354.00000		 7.04524
35.00000		30.00000		 6.00000		 0.00000		 4.06417
35.00000		30.00000		12.00000		 6.00000		-3.89451
35.00000		30.00000		18.00000		12.00000		-3.42788
35.00000		30.00000		24.00000		18.00000		-11.79205
35.00000		30.00000		30.00000		24.00000		-34.02452
35.00000		30.00000		35.00000		30.00000		-14.51232
35.00000		30.00000		41.00000		35.00000		28.41086
35.00000		30.00000		47.00000		41.00000		-11.23807
35.00000		30.00000		53.00000		47.00000		 7.35599
35.00000		30.00000		59.00000		53.00000		19.52553
35.00000		30.00000		65.00000		59.00000		23.57895
35.00000		30.00000		71.00000		65.00000		 8.55980
35.00000		30.00000		77.00000		71.00000		-36.16573
35.00000		30.00000		83.00000		77.00000		31.16551
35.00000		30.00000		89.00000		83.00000		23.95129
35.00000		30.00000		94.00000		89.00000		 9.92844
35.00000		30.00000		100.00000		94.00000		10.66831
35.00000		30.00000		106.00000		100.00000		-15.87111
35.00000		30.00000		112.00000		106.00000		-36.27413
35.00000		30.00000		118.00000		112.00000		-18.23382
35.00000		30.00000		124.00000		118.00000		 1.76607
35.00000		30.00000		130.00000		124.00000		14.35106
35.00000		30.00000		136.00000		130.00000		 9.17548
35.00000		30.00000		142.00000		136.00000		 9.48477
35.00000		30.00000		148.00000		142.00000		-16.96450
35.00000		30.00000		153.00000		148.00000		-12.57559
35.00000		30.00000		159.00000		153.00000		-8.40795
35.00000		30.00000		165.00000		159.00000		-16.23841
35.00000		30.00000		171.00000		165.00000		-22.93035
35.00000		30.00000		177.00000		171.00000		-13.11445
35.00000		30.00000		183.00000		177.00000		 3.56069
35.00000		30.00000		189.00000		183.00000		-6.85386
35.00000		30.00000		195.00000		189.00000		-11.73225
35.00000		30.00000		201.00000		195.00000		-12.97335
35.00000		30.00000		207.00000		201.00000		-7.06540
35.00000		30.00000		212.00000		207.00000		-5.40683
35.00000		30.00000		218.00000		212.00000		-10.71254
35.00000		30.00000		224.00000		218.00000		-4.30526
35.00000		30.00000		230.00000		224.00000		-7.37268
35.00000		30.00000		236.00000		230.00000		-14.66842
35.00000		30.00000		242.00000		236.00000		-19.05286
35.00000		30.00000		248.00000		242.00000		-9.28275
35.00000		30.00000		254.00000		248.00000		 0.22240
35.00000		30.00000		260.00000		254.00000		-0.94479
35.00000		30.00000		266.00000		260.00000		-4.00829
35.00000		30.00000		271.00000		266.00000		 1.41187
35.00000		30.00000		277.00000		271.00000		-0.10437
35.00000		30.00000		283.00000		277.00000		-3.63427
35.00000		30.00000		289.00000		283.00000		-33.14591
35.00000		30.00000		295.00000		289.00000		-27.80000
35.00000		30.00000		301.00000		295.00000		-6.94726
35.00000		30.00000		307.00000		301.00000		-9.77962
35.00000		30.00000		313.00000		307.00000		-0.62777
35.00000		30.00000		319.00000		313.00000		10.56920
35.00000		30.00000		325.00000		319.00000		21.68477
35.00000		30.00000		330.00000		325.00000		13.82408
35.00000		30.00000		336.00000		330.00000		18.10683
35.00000		30.00000		342.00000		336.00000		-0.32195
35.00000		30.00000		348.00000		342.00000		12.49216
35.00000		30.00000		354.00000		348.00000		17.20134
35.00000		30.00000		360.00000		354.00000		40.59798
30.00000		25.00000		 6.00000		 0.00000		-12.27279
30.00000		25.00000		11.00000		 6.00000		 4.65935
30.00000		25.00000		17.00000		11.00000		 4.47917
30.00000		25.00000		23.00000		17.00000		 6.79720
30.00000		25.00000		28.00000		23.00000		 1.27413
30.00000		25.00000		34.00000		28.00000		 5.18343
30.00000		25.00000		39.00000		34.00000		12.43404
30.00000		25.00000		45.00000		39.00000		21.95185
30.00000		25.00000		51.00000		45.00000		-14.15050
30.00000		25.00000		56.00000		51.00000		-14.62755
30.00000		25.00000		62.00000		56.00000		33.54826
30.00000		25.00000		68.00000		62.00000		15.92867
30.00000		25.00000		73.00000		68.00000		-13.79183
30.00000		25.00000		79.00000		73.00000		-17.38791
30.00000		25.00000		84.00000		79.00000		-69.60302
30.00000		25.00000		90.00000		84.00000		-8.97402
30.00000		25.00000		96.00000		90.00000		-9.83718
30.00000		25.00000		101.00000		96.00000		-9.42856
30.00000		25.00000		107.00000		101.00000		-28.33326
30.00000		25.00000		113.00000		107.00000		-26.09306
30.00000		25.00000		118.00000		113.00000		-10.08914
30.00000		25.00000		124.00000		118.00000		 7.26786
30.00000		25.00000		129.00000		124.00000		19.78970
30.00000		25.00000		135.00000		129.00000		-7.94647
30.00000		25.00000		141.00000		135.00000		20.08365
30.00000		25.00000		146.00000		141.00000		20.39451
30.00000		25.00000		152.00000		146.00000		 1.14311
30.00000		25.00000		158.00000		152.00000		-7.71613
30.00000		25.00000		163.00000		158.00000		-9.07626
30.00000		25.00000		169.00000		163.00000		-5.90862
30.00000		25.00000		174.00000		169.00000		-10.48354
30.00000		25.00000		180.00000		174.00000		-7.12643
30.00000		25.00000		186.00000		180.00000		-2.12721
30.00000		25.00000		191.00000		186.00000		 3.86013
30.00000		25.00000		197.00000		191.00000		11.06607
30.00000		25.00000		203.00000		197.00000		 4.34434
30.00000		25.00000		208.00000		203.00000		-5.59395
30.00000		25.00000		214.00000		208.00000		-1.28970
30.00000		25.00000		219.00000		214.00000		 5.11019
30.00000		25.00000		225.00000		219.00000		-4.42934
30.00000		25.00000		231.00000		225.00000		-17.68936
30.00000		25.00000		236.00000		231.00000		-21.07055
30.00000		25.00000		242.00000		236.00000		-19.22318
30.00000		25.00000		248.00000		242.00000		-19.28488
30.00000		25.00000		253.00000		248.00000		-8.33751
30.00000		25.00000		259.00000		253.00000		13.65006
30.00000		25.00000		264.00000		259.00000		-3.26573
30.00000		25.00000		270.00000		264.00000		-10.65151
30.00000		25.00000		276.00000		270.00000		-0.12128
30.00000		25.00000		281.00000		276.00000		 4.06361
30.00000		25.00000		287.00000		281.00000		-15.56797
30.00000		25.00000		293.00000		287.00000		-30.02844
30.00000		25.00000		298.00000		293.00000		-20.05151
30.00000		25.00000		304.00000		298.00000		-27.28511
30.00000		25.00000		309.00000		304.00000		-20.68679
30.00000		25.00000		315.00000		309.00000		-0.14905
30.00000		25.00000		321.00000		315.00000		11.17772
30.00000		25.00000		326.00000		321.00000		 2.37312
30.00000		25.00000		332.00000		326.00000		 7.12755
30.00000		25.00000		338.00000		332.00000		-5.38264
30.00000		25.00000		343.00000		338.00000		 9.99048
30.00000		25.00000		349.00000		343.00000		10.64233
30.00000		25.00000		354.00000		349.00000		 3.31008
30.00000		25.00000		360.00000		354.00000		-3.01310
25.00000		20.00000		 5.00000		 0.00000		22.05566
25.00000		20.00000		11.00000		 5.00000		28.41769
25.00000		20.00000		16.00000		11.00000		 7.90202
25.00000		20.00000		21.00000		16.00000		 8.73393
25.00000		20.00000		27.00000		21.00000		-19.08175
25.00000		20.00000		32.00000		27.00000		11.08197
25.00000		20.00000		38.00000		32.00000		 7.44278
25.00000		20.00000		43.00000		38.00000		24.17828
25.00000		20.00000		48.00000		43.00000		 1.61053
25.00000		20.00000		54.00000		48.00000		-29.45050
25.00000		20.00000		59.00000		54.00000		-4.18432
25.00000		20.00000		64.00000		59.00000		-24.10459
25.00000		20.00000		70.00000		64.00000		-6.32027
25.00000		20.00000		75.00000		70.00000		 4.77693
25.00000		20.00000		81.00000		75.00000		 1.63180
25.00000		20.00000		86.00000		81.00000		-8.90694
25.00000		20.00000		91.00000		86.00000		-12.90381
25.00000		20.00000		97.00000		91.00000		-21.08959
25.00000		20.00000		102.00000		97.00000		-24.44546
25.00000		20.00000		107.00000		102.00000		-19.77816
25.00000		20.00000		113.00000		107.00000		-8.08298
25.00000		20.00000		118.00000		113.00000		-7.65845
25.00000		20.00000		124.00000		118.00000		-0.58802
25.00000		20.00000		129.00000		124.00000		 0.88600
25.00000		20.00000		134.00000		129.00000		 7.16282
25.00000		20.00000		140.00000		134.00000		11.41075
25.00000		20.00000		145.00000		140.00000		20.25118
25.00000		20.00000		150.00000		145.00000		-0.26103
25.00000		20.00000		156.00000		150.00000		13.33662
25.00000		20.00000		161.00000		156.00000		-13.02296
25.00000		20.00000		167.00000		161.00000		-22.16293
25.00000		20.00000		172.00000		167.00000		-12.12161
25.00000		20.00000		177.00000		172.00000		-4.41736
25.00000		20.00000		183.00000		177.00000		-9.17828
25.00000		20.00000		188.00000		183.00000		-3.91803
25.00000		20.00000		193.00000		188.00000		 9.92016
25.00000		20.00000		199.00000		193.00000		14.28667
25.00000		20.00000		204.00000		199.00000		20.12755
25.00000		20.00000		210.00000		204.00000		 5.59664
25.00000		20.00000		215.00000		210.00000		-2.97884
25.00000		20.00000		220.00000		215.00000		-1.91960
25.00000		20.00000		226.00000		220.00000		-10.81053
25.00000		20.00000		231.00000		226.00000		-11.59127
25.00000		20.00000		236.00000		231.00000		-12.97133
25.00000		20.00000		242.00000		236.00000		-18.82542
25.00000		20.00000		247.00000		242.00000		-22.75588
25.00000		20.00000		253.00000		247.00000		-13.42576
25.00000		20.00000		258.00000		253.00000		 6.55722
25.00000		20.00000		263.00000		258.00000		22.67077
25.00000		20.00000		269.00000		263.00000		-31.94692
25.00000		20.00000		274.00000		269.00000		 8.00627
25.00000		20.00000		279.00000		274.00000		-4.46383
25.00000		20.00000		285.00000		279.00000		 8.18914
25.00000		20.00000		290.00000		285.00000		-43.42968
25.00000		20.00000		296.00000		290.00000		-23.78466
25.00000		20.00000		301.00000		296.00000		-21.83214
25.00000		20.00000		306.00000		301.00000		-21.50280
25.00000		20.00000		312.00000		306.00000		-23.00011
25.00000		20.00000		317.00000		312.00000		-6.14177
25.00000		20.00000		322.00000		317.00000		-9.45969
25.00000		20.00000		328.00000		322.00000		 0.29978
25.00000		20.00000		333.00000		328.00000		 4.49496
25.00000		20.00000		339.00000		333.00000		-2.49854
25.00000		20.00000		344.00000		339.00000		-2.41601
25.00000		20.00000		349.00000		344.00000		 3.14255
25.00000		20.00000		355.00000		349.00000		-11.71892
25.00000		20.00000		360.00000		355.00000		-3.81467
20.00000		15.00000		 5.00000		 0.00000		 8.29406
20.00000		15.00000		10.00000		 5.00000		 5.33281
20.00000		15.00000		16.00000		10.00000		-3.72587
20.00000		15.00000		21.00000		16.00000		-7.95991
20.00000		15.00000		26.00000		21.00000		 6.79362
20.00000		15.00000		31.00000		26.00000		 9.77727
20.00000		15.00000		37.00000		31.00000		17.09362
20.00000		15.00000		42.00000		37.00000		 6.12531
20.00000		15.00000		47.00000		42.00000		 5.89093
20.00000		15.00000		52.00000		47.00000		-6.99429
20.00000		15.00000		57.00000		52.00000		 0.91400
20.00000		15.00000		63.00000		57.00000		-21.20997
20.00000		15.00000		68.00000		63.00000		-13.60638
20.00000		15.00000		73.00000		68.00000		-23.21937
20.00000		15.00000		78.00000		73.00000		-13.93147
20.00000		15.00000		83.00000		78.00000		-13.97648
20.00000		15.00000		89.00000		83.00000		-32.13247
20.00000		15.00000		94.00000		89.00000		-11.69384
20.00000		15.00000		99.00000		94.00000		-7.16484
20.00000		15.00000		104.00000		99.00000		-15.33102
20.00000		15.00000		110.00000		104.00000		-5.66708
20.00000		15.00000		115.00000		110.00000		-5.35118
20.00000		15.00000		120.00000		115.00000		 5.80627
20.00000		15.00000		125.00000		120.00000		30.13695
20.00000		15.00000		130.00000		125.00000		12.97335
20.00000		15.00000		136.00000		130.00000		 2.22150
20.00000		15.00000		141.00000		136.00000		 8.04703
20.00000		15.00000		146.00000		141.00000		35.85062
20.00000		15.00000		151.00000		146.00000		-4.34815
20.00000		15.00000		157.00000		151.00000		 1.86820
20.00000		15.00000		162.00000		157.00000		-9.51870
20.00000		15.00000		167.00000		162.00000		 2.13326
20.00000		15.00000		172.00000		167.00000		 0.04345
20.00000		15.00000		177.00000		172.00000		-5.98119
20.00000		15.00000		183.00000		177.00000		-10.01512
20.00000		15.00000		188.00000		183.00000		 0.88119
20.00000		15.00000		193.00000		188.00000		-6.41209
20.00000		15.00000		198.00000		193.00000		 0.99395
20.00000		15.00000		203.00000		198.00000		 5.47088
20.00000		15.00000		209.00000		203.00000		11.45778
20.00000		15.00000		214.00000		209.00000		-1.80549
20.00000		15.00000		219.00000		214.00000		-12.30056
20.00000		15.00000		224.00000		219.00000		-11.35789
20.00000		15.00000		230.00000		224.00000		-11.56529
20.00000		15.00000		235.00000		230.00000		-16.95319
20.00000		15.00000		240.00000		235.00000		-20.62777
20.00000		15.00000		245.00000		240.00000		-19.72811
20.00000		15.00000		250.00000		245.00000		-17.89664
20.00000		15.00000		256.00000		250.00000		-11.46674
20.00000		15.00000		261.00000		256.00000		-10.12228
20.00000		15.00000		266.00000		261.00000		 9.57380
20.00000		15.00000		271.00000		266.00000		11.18287
20.00000		15.00000		277.00000		271.00000		12.39552
20.00000		15.00000		282.00000		277.00000		 4.38231
20.00000		15.00000		287.00000		282.00000		-7.02072
20.00000		15.00000		292.00000		287.00000		-5.22385
20.00000		15.00000		297.00000		292.00000		-42.54446
20.00000		15.00000		303.00000		297.00000		-38.50246
20.00000		15.00000		308.00000		303.00000		-19.70571
20.00000		15.00000		313.00000		308.00000		-21.83315
20.00000		15.00000		318.00000		313.00000		-8.22654
20.00000		15.00000		323.00000		318.00000		-16.83438
20.00000		15.00000		329.00000		323.00000		 3.23662
20.00000		15.00000		334.00000		329.00000		11.72016
20.00000		15.00000		339.00000		334.00000		21.34838
20.00000		15.00000		344.00000		339.00000		 2.90358
20.00000		15.00000		350.00000		344.00000		13.49395
20.00000		15.00000		355.00000		350.00000		 0.95375
20.00000		15.00000		360.00000		355.00000		 9.31937
15.00000		10.00000		 5.00000		 0.00000		 2.31198
15.00000		10.00000		10.00000		 5.00000		 7.58723
15.00000		10.00000		15.00000		10.00000		 8.62934
15.00000		10.00000		21.00000		15.00000		 0.76193
15.00000		10.00000		26.00000		21.00000		 9.37872
15.00000		10.00000		31.00000		26.00000		13.29239
15.00000		10.00000		36.00000		31.00000		14.81545
15.00000		10.00000		41.00000		36.00000		26.36215
15.00000		10.00000		46.00000		41.00000		 1.04479
15.00000		10.00000		51.00000		46.00000		 5.41288
15.00000		10.00000		57.00000		51.00000		 1.56495
15.00000		10.00000		62.00000		57.00000		-14.32990
15.00000		10.00000		67.00000		62.00000		-21.02475
15.00000		10.00000		72.00000		67.00000		-37.06573
15.00000		10.00000		77.00000		72.00000		-17.75946
15.00000		10.00000		82.00000		77.00000		-16.95711
15.00000		10.00000		87.00000		82.00000		-36.29832
15.00000		10.00000		93.00000		87.00000		-14.00784
15.00000		10.00000		98.00000		93.00000		-6.57055
15.00000		10.00000		103.00000		98.00000		-3.82329
15.00000		10.00000		108.00000		103.00000		-6.48175
15.00000		10.00000		113.00000		108.00000		-0.51848
15.00000		10.00000		118.00000		113.00000		 6.75207
15.00000		10.00000		123.00000		118.00000		30.91534
15.00000		10.00000		129.00000		123.00000		29.07906
15.00000		10.00000		134.00000		129.00000		11.83001
15.00000		10.00000		139.00000		134.00000		 9.88231
15.00000		10.00000		144.00000		139.00000		-8.17256
15.00000		10.00000		149.00000		144.00000		-8.25409
15.00000		10.00000		154.00000		149.00000		-5.88903
15.00000		10.00000		159.00000		154.00000		 3.69295
15.00000		10.00000		165.00000		159.00000		-0.64490
15.00000		10.00000		170.00000		165.00000		-1.89742
15.00000		10.00000		175.00000		170.00000		 3.64110
15.00000		10.00000		180.00000		175.00000		 9.69149
15.00000		10.00000		185.00000		180.00000		 8.64199
15.00000		10.00000		190.00000		185.00000		-1.17480
15.00000		10.00000		195.00000		190.00000		-0.46058
15.00000		10.00000		206.00000		201.00000		-5.56932
15.00000		10.00000		211.00000		206.00000		-8.12721
15.00000		10.00000		216.00000		211.00000		-2.02755
15.00000		10.00000		221.00000		216.00000		-3.18936
15.00000		10.00000		226.00000		221.00000		-8.42027
15.00000		10.00000		231.00000		226.00000		-8.58007
15.00000		10.00000		237.00000		231.00000		-8.54927
15.00000		10.00000		242.00000		237.00000		-7.45868
15.00000		10.00000		247.00000		242.00000		-10.12419
15.00000		10.00000		252.00000		247.00000		 0.71344
15.00000		10.00000		257.00000		252.00000		-0.80605
15.00000		10.00000		262.00000		257.00000		11.15465
15.00000		10.00000		267.00000		262.00000		 8.96506
15.00000		10.00000		273.00000		267.00000		 7.64558
15.00000		10.00000		278.00000		273.00000		29.59653
15.00000		10.00000		283.00000		278.00000		 7.81892
15.00000		10.00000		288.00000		283.00000		-10.75039
15.00000		10.00000		293.00000		288.00000		-14.39037
15.00000		10.00000		298.00000		293.00000		-12.64334
15.00000		10.00000		303.00000		298.00000		-34.66025
15.00000		10.00000		309.00000		303.00000		-31.33897
15.00000		10.00000		314.00000		309.00000		-28.52352
15.00000		10.00000		319.00000		314.00000		-13.54535
15.00000		10.00000		324.00000		319.00000		-17.73191
15.00000		10.00000		329.00000		324.00000		-4.73494
15.00000		10.00000		334.00000		329.00000		 4.58667
15.00000		10.00000		339.00000		334.00000		-2.03908
15.00000		10.00000		345.00000		339.00000		 5.10694
15.00000		10.00000		350.00000		345.00000		11.96629
15.00000		10.00000		355.00000		350.00000		11.08578
15.00000		10.00000		360.00000		355.00000		 3.29709
10.00000		 5.00000		 5.00000		 0.00000		11.90090
10.00000		 5.00000		10.00000		 5.00000		28.84602
10.00000		 5.00000		15.00000		10.00000		20.81064
10.00000		 5.00000		20.00000		15.00000		 6.05263
10.00000		 5.00000		25.00000		20.00000		 7.06842
10.00000		 5.00000		30.00000		25.00000		10.42172
10.00000		 5.00000		35.00000		30.00000		12.92352
10.00000		 5.00000		41.00000		35.00000		31.28152
10.00000		 5.00000		46.00000		41.00000		12.49239
10.00000		 5.00000		51.00000		46.00000		-13.83516
10.00000		 5.00000		56.00000		51.00000		-35.94009
10.00000		 5.00000		61.00000		56.00000		 4.27413
10.00000		 5.00000		66.00000		61.00000		-26.03281
10.00000		 5.00000		71.00000		66.00000		-40.21008
10.00000		 5.00000		76.00000		71.00000		-41.66719
10.00000		 5.00000		81.00000		76.00000		-24.60750
10.00000		 5.00000		86.00000		81.00000		-44.28858
10.00000		 5.00000		91.00000		86.00000		-4.42497
10.00000		 5.00000		96.00000		91.00000		-19.94849
10.00000		 5.00000		101.00000		96.00000		 9.75465
10.00000		 5.00000		106.00000		101.00000		 9.21489
10.00000		 5.00000		112.00000		106.00000		 9.29541
10.00000		 5.00000		117.00000		112.00000		16.42923
10.00000		 5.00000		122.00000		117.00000		38.83908
10.00000		 5.00000		127.00000		122.00000		42.54524
10.00000		 5.00000		132.00000		127.00000		-2.00817
10.00000		 5.00000		137.00000		132.00000		18.86271
10.00000		 5.00000		142.00000		137.00000		 9.05409
10.00000		 5.00000		147.00000		142.00000		13.09530
10.00000		 5.00000		152.00000		147.00000		-7.78219
10.00000		 5.00000		157.00000		152.00000		-15.82340
10.00000		 5.00000		162.00000		157.00000		 4.92912
10.00000		 5.00000		167.00000		162.00000		-10.40526
10.00000		 5.00000		172.00000		167.00000		-8.46450
10.00000		 5.00000		177.00000		172.00000		 1.47648
10.00000		 5.00000		183.00000		177.00000		 3.85252
10.00000		 5.00000		188.00000		183.00000		-12.19899
10.00000		 5.00000		193.00000		188.00000		 1.55801
10.00000		 5.00000		198.00000		193.00000		 7.57850
10.00000		 5.00000		203.00000		198.00000		15.93516
10.00000		 5.00000		208.00000		203.00000		 3.85543
10.00000		 5.00000		213.00000		208.00000		 3.93449
10.00000		 5.00000		218.00000		213.00000		-4.59071
10.00000		 5.00000		223.00000		218.00000		 0.08219
10.00000		 5.00000		228.00000		223.00000		-4.42732
10.00000		 5.00000		233.00000		228.00000		-12.26753
10.00000		 5.00000		238.00000		233.00000		-10.38522
10.00000		 5.00000		243.00000		238.00000		-9.63483
10.00000		 5.00000		248.00000		243.00000		-10.08690
10.00000		 5.00000		254.00000		248.00000		-1.88891
10.00000		 5.00000		259.00000		254.00000		 3.72576
10.00000		 5.00000		264.00000		259.00000		 3.97480
10.00000		 5.00000		269.00000		264.00000		 8.65174
10.00000		 5.00000		274.00000		269.00000		14.96193
10.00000		 5.00000		279.00000		274.00000		26.51859
10.00000		 5.00000		284.00000		279.00000		20.65622
10.00000		 5.00000		289.00000		284.00000		22.44614
10.00000		 5.00000		294.00000		289.00000		12.52016
10.00000		 5.00000		299.00000		294.00000		 4.27156
10.00000		 5.00000		304.00000		299.00000		-3.19496
10.00000		 5.00000		309.00000		304.00000		-14.77928
10.00000		 5.00000		314.00000		309.00000		-33.71265
10.00000		 5.00000		319.00000		314.00000		-23.42217
10.00000		 5.00000		325.00000		319.00000		-7.57536
10.00000		 5.00000		330.00000		325.00000		 9.30213
10.00000		 5.00000		335.00000		330.00000		 6.17884
10.00000		 5.00000		340.00000		335.00000		 7.33382
10.00000		 5.00000		345.00000		340.00000		 0.12464
10.00000		 5.00000		350.00000		345.00000		23.26170
10.00000		 5.00000		355.00000		350.00000		27.83303
10.00000		 5.00000		360.00000		355.00000		17.70493
 5.00000		 0.00000		 5.00000		 0.00000		-11.65588
 5.00000		 0.00000		10.00000		 5.00000		 2.02240
 5.00000		 0.00000		15.00000		10.00000		14.12732
 5.00000		 0.00000		20.00000		15.00000		-9.16383
 5.00000		 0.00000		25.00000		20.00000		-13.84759
 5.00000		 0.00000		30.00000		25.00000		 6.60649
 5.00000		 0.00000		35.00000		30.00000		 9.38376
 5.00000		 0.00000		40.00000		35.00000		 8.99127
 5.00000		 0.00000		45.00000		40.00000		-6.52060
 5.00000		 0.00000		50.00000		45.00000		-13.53427
 5.00000		 0.00000		55.00000		50.00000		-20.25106
 5.00000		 0.00000		60.00000		55.00000		-17.80504
 5.00000		 0.00000		65.00000		60.00000		-21.77514
 5.00000		 0.00000		70.00000		65.00000		-29.30526
 5.00000		 0.00000		75.00000		70.00000		-39.46719
 5.00000		 0.00000		80.00000		75.00000		-49.05554
 5.00000		 0.00000		85.00000		80.00000		-55.05274
 5.00000		 0.00000		90.00000		85.00000		-18.85924
 5.00000		 0.00000		95.00000		90.00000		-0.99776
 5.00000		 0.00000		100.00000		95.00000		-4.84950
 5.00000		 0.00000		105.00000		100.00000		23.12766
 5.00000		 0.00000		110.00000		105.00000		28.91254
 5.00000		 0.00000		115.00000		110.00000		24.33404
 5.00000		 0.00000		120.00000		115.00000		31.81344
 5.00000		 0.00000		125.00000		120.00000		36.31635
 5.00000		 0.00000		130.00000		125.00000		24.68533
 5.00000		 0.00000		135.00000		130.00000		46.75465
 5.00000		 0.00000		140.00000		135.00000		16.29731
 5.00000		 0.00000		145.00000		140.00000		12.26562
 5.00000		 0.00000		150.00000		145.00000		10.20011
 5.00000		 0.00000		155.00000		150.00000		 4.87212
 5.00000		 0.00000		160.00000		155.00000		14.70638
 5.00000		 0.00000		165.00000		160.00000		 6.36148
 5.00000		 0.00000		170.00000		165.00000		-1.97816
 5.00000		 0.00000		175.00000		170.00000		-5.33875
 5.00000		 0.00000		180.00000		175.00000		-5.20515
 5.00000		 0.00000		185.00000		180.00000		 4.14882
 5.00000		 0.00000		190.00000		185.00000		-0.65196
 5.00000		 0.00000		195.00000		190.00000		 8.23270
 5.00000		 0.00000		200.00000		195.00000		13.54188
 5.00000		 0.00000		205.00000		200.00000		18.03326
 5.00000		 0.00000		210.00000		205.00000		 8.38735
 5.00000		 0.00000		215.00000		210.00000		 2.32912
 5.00000		 0.00000		220.00000		215.00000		 3.00985
 5.00000		 0.00000		225.00000		220.00000		 0.14513
 5.00000		 0.00000		230.00000		225.00000		 1.28813
 5.00000		 0.00000		235.00000		230.00000		-2.59104
 5.00000		 0.00000		240.00000		235.00000		 1.97693
 5.00000		 0.00000		245.00000		240.00000		-2.89362
 5.00000		 0.00000		250.00000		245.00000		-6.52654
 5.00000		 0.00000		255.00000		250.00000		-5.93684
 5.00000		 0.00000		260.00000		255.00000		-4.21568
 5.00000		 0.00000		265.00000		260.00000		-4.04401
 5.00000		 0.00000		270.00000		265.00000		 3.98589
 5.00000		 0.00000		275.00000		270.00000		 4.78320
 5.00000		 0.00000		280.00000		275.00000		 6.90526
 5.00000		 0.00000		285.00000		280.00000		34.01635
 5.00000		 0.00000		290.00000		285.00000		13.77783
 5.00000		 0.00000		295.00000		290.00000		 3.54222
 5.00000		 0.00000		300.00000		295.00000		10.44076
 5.00000		 0.00000		305.00000		300.00000		 1.47514
 5.00000		 0.00000		310.00000		305.00000		-5.93819
 5.00000		 0.00000		315.00000		310.00000		-9.28309
 5.00000		 0.00000		320.00000		315.00000		-16.29250
 5.00000		 0.00000		325.00000		320.00000		-9.00649
 5.00000		 0.00000		330.00000		325.00000		12.15599
 5.00000		 0.00000		335.00000		330.00000		 8.60146
 5.00000		 0.00000		340.00000		335.00000		 5.94569
 5.00000		 0.00000		345.00000		340.00000		-0.56932
 5.00000		 0.00000		350.00000		345.00000		-7.33326
 5.00000		 0.00000		355.00000		350.00000		-2.18712
 5.00000		 0.00000		360.00000		355.00000		-3.63236
 0.00000		-5.00000		 5.00000		 0.00000		 1.95622
 0.00000		-5.00000		10.00000		 5.00000		-3.78029
 0.00000		-5.00000		15.00000		10.00000		-12.58623
 0.00000		-5.00000		20.00000		15.00000		-19.45106
 0.00000		-5.00000		25.00000		20.00000		-35.16719
 0.00000		-5.00000		30.00000		25.00000		-3.69507
 0.00000		-5.00000		35.00000		30.00000		-0.54916
 0.00000		-5.00000		40.00000		35.00000		10.00728
 0.00000		-5.00000		45.00000		40.00000		-25.49384
 0.00000		-5.00000		50.00000		45.00000		-20.01948
 0.00000		-5.00000		55.00000		50.00000		-13.10997
 0.00000		-5.00000		60.00000		55.00000		-10.55487
 0.00000		-5.00000		65.00000		60.00000		-21.95901
 0.00000		-5.00000		70.00000		65.00000		-21.56394
 0.00000		-5.00000		75.00000		70.00000		-39.86551
 0.00000		-5.00000		80.00000		75.00000		-41.94614
 0.00000		-5.00000		85.00000		80.00000		-45.01859
 0.00000		-5.00000		90.00000		85.00000		-25.29866
 0.00000		-5.00000		95.00000		90.00000		-11.62161
 0.00000		-5.00000		100.00000		95.00000		12.84647
 0.00000		-5.00000		105.00000		100.00000		23.78858
 0.00000		-5.00000		110.00000		105.00000		35.19239
 0.00000		-5.00000		115.00000		110.00000		32.54278
 0.00000		-5.00000		120.00000		115.00000		28.99306
 0.00000		-5.00000		125.00000		120.00000		23.13763
 0.00000		-5.00000		130.00000		125.00000		-0.15241
 0.00000		-5.00000		135.00000		130.00000		17.58354
 0.00000		-5.00000		140.00000		135.00000		 5.95353
 0.00000		-5.00000		145.00000		140.00000		20.78376
 0.00000		-5.00000		150.00000		145.00000		36.24311
 0.00000		-5.00000		155.00000		150.00000		19.84748
 0.00000		-5.00000		160.00000		155.00000		20.50515
 0.00000		-5.00000		165.00000		160.00000		-3.04569
 0.00000		-5.00000		170.00000		165.00000		-3.49787
 0.00000		-5.00000		175.00000		170.00000		-11.82083
 0.00000		-5.00000		180.00000		175.00000		-5.62811
 0.00000		-5.00000		185.00000		180.00000		-0.57189
 0.00000		-5.00000		190.00000		185.00000		 3.55756
 0.00000		-5.00000		195.00000		190.00000		10.72844
 0.00000		-5.00000		200.00000		195.00000		 8.93908
 0.00000		-5.00000		205.00000		200.00000		 8.50090
 0.00000		-5.00000		210.00000		205.00000		 4.21870
 0.00000		-5.00000		215.00000		210.00000		 5.42340
 0.00000		-5.00000		220.00000		215.00000		-1.96618
 0.00000		-5.00000		225.00000		220.00000		-1.89015
 0.00000		-5.00000		230.00000		225.00000		 0.50784
 0.00000		-5.00000		235.00000		230.00000		 4.13012
 0.00000		-5.00000		240.00000		235.00000		-2.18667
 0.00000		-5.00000		245.00000		240.00000		-0.88488
 0.00000		-5.00000		250.00000		245.00000		 6.15510
 0.00000		-5.00000		255.00000		250.00000		 7.49507
 0.00000		-5.00000		260.00000		255.00000		-6.82923
 0.00000		-5.00000		265.00000		260.00000		-3.16540
 0.00000		-5.00000		270.00000		265.00000		-7.66887
 0.00000		-5.00000		275.00000		270.00000		-11.26797
 0.00000		-5.00000		280.00000		275.00000		-3.60280
 0.00000		-5.00000		285.00000		280.00000		24.20291
 0.00000		-5.00000		290.00000		285.00000		16.51064
 0.00000		-5.00000		295.00000		290.00000		 8.60022
 0.00000		-5.00000		300.00000		295.00000		-7.27122
 0.00000		-5.00000		305.00000		300.00000		-7.19989
 0.00000		-5.00000		310.00000		305.00000		 0.27212
 0.00000		-5.00000		315.00000		310.00000		-12.29574
 0.00000		-5.00000		320.00000		315.00000		-12.46786
 0.00000		-5.00000		325.00000		320.00000		-6.32038
 0.00000		-5.00000		330.00000		325.00000		-1.71613
 0.00000		-5.00000		335.00000		330.00000		-6.56887
 0.00000		-5.00000		340.00000		335.00000		-8.63080
 0.00000		-5.00000		345.00000		340.00000		 3.63875
 0.00000		-5.00000		350.00000		345.00000		11.35398
 0.00000		-5.00000		355.00000		350.00000		 2.92363
 0.00000		-5.00000		360.00000		355.00000		-9.03337
-5.00000		-10.00000		 5.00000		 0.00000		-9.15890
-5.00000		-10.00000		10.00000		 5.00000		-7.78869
-5.00000		-10.00000		15.00000		10.00000		-1.34065
-5.00000		-10.00000		20.00000		15.00000		-32.70213
-5.00000		-10.00000		25.00000		20.00000		-31.21008
-5.00000		-10.00000		30.00000		25.00000		-11.12318
-5.00000		-10.00000		35.00000		30.00000		 4.08275
-5.00000		-10.00000		41.00000		35.00000		-10.56685
-5.00000		-10.00000		46.00000		41.00000		-31.54726
-5.00000		-10.00000		51.00000		46.00000		-23.14905
-5.00000		-10.00000		56.00000		51.00000		-10.18085
-5.00000		-10.00000		61.00000		56.00000		-7.77368
-5.00000		-10.00000		66.00000		61.00000		-14.71557
-5.00000		-10.00000		71.00000		66.00000		-13.66058
-5.00000		-10.00000		76.00000		71.00000		-19.15756
-5.00000		-10.00000		81.00000		76.00000		-34.63942
-5.00000		-10.00000		86.00000		81.00000		-27.92329
-5.00000		-10.00000		91.00000		86.00000		-25.40090
-5.00000		-10.00000		96.00000		91.00000		-14.53303
-5.00000		-10.00000		101.00000		96.00000		 2.21355
-5.00000		-10.00000		106.00000		101.00000		-10.44983
-5.00000		-10.00000		112.00000		106.00000		21.51232
-5.00000		-10.00000		117.00000		112.00000		28.31243
-5.00000		-10.00000		122.00000		117.00000		 9.15263
-5.00000		-10.00000		127.00000		122.00000		-5.33662
-5.00000		-10.00000		132.00000		127.00000		-25.96327
-5.00000		-10.00000		137.00000		132.00000		26.44233
-5.00000		-10.00000		142.00000		137.00000		25.07839
-5.00000		-10.00000		147.00000		142.00000		20.23393
-5.00000		-10.00000		152.00000		147.00000		32.35554
-5.00000		-10.00000		157.00000		152.00000		25.59698
-5.00000		-10.00000		162.00000		157.00000		18.43527
-5.00000		-10.00000		167.00000		162.00000		-7.48992
-5.00000		-10.00000		172.00000		167.00000		-4.43147
-5.00000		-10.00000		177.00000		172.00000		 2.42161
-5.00000		-10.00000		183.00000		177.00000		-0.09709
-5.00000		-10.00000		188.00000		183.00000		 5.49709
-5.00000		-10.00000		193.00000		188.00000		-1.85700
-5.00000		-10.00000		198.00000		193.00000		 2.06260
-5.00000		-10.00000		203.00000		198.00000		 6.05857
-5.00000		-10.00000		208.00000		203.00000		-1.86013
-5.00000		-10.00000		213.00000		208.00000		 1.74468
-5.00000		-10.00000		218.00000		213.00000		-13.21590
-5.00000		-10.00000		223.00000		218.00000		10.70705
-5.00000		-10.00000		228.00000		223.00000		-1.09328
-5.00000		-10.00000		233.00000		228.00000		 2.15073
-5.00000		-10.00000		238.00000		233.00000		-0.02632
-5.00000		-10.00000		243.00000		238.00000		-1.17973
-5.00000		-10.00000		248.00000		243.00000		 3.95297
-5.00000		-10.00000		254.00000		248.00000		 1.89451
-5.00000		-10.00000		259.00000		254.00000		-1.99664
-5.00000		-10.00000		264.00000		259.00000		-7.46954
-5.00000		-10.00000		269.00000		264.00000		-11.90728
-5.00000		-10.00000		274.00000		269.00000		-11.83001
-5.00000		-10.00000		279.00000		274.00000		-20.74446
-5.00000		-10.00000		284.00000		279.00000		29.63449
-5.00000		-10.00000		289.00000		284.00000		15.60269
-5.00000		-10.00000		294.00000		289.00000		28.42643
-5.00000		-10.00000		299.00000		294.00000		 3.43942
-5.00000		-10.00000		304.00000		299.00000		-2.69742
-5.00000		-10.00000		309.00000		304.00000		 2.77604
-5.00000		-10.00000		314.00000		309.00000		-15.73819
-5.00000		-10.00000		319.00000		314.00000		-21.83964
-5.00000		-10.00000		325.00000		319.00000		 9.71321
-5.00000		-10.00000		330.00000		325.00000		-12.97088
-5.00000		-10.00000		335.00000		330.00000		-19.50493
-5.00000		-10.00000		340.00000		335.00000		-12.46081
-5.00000		-10.00000		345.00000		340.00000		 5.65442
-5.00000		-10.00000		350.00000		345.00000		 8.06484
-5.00000		-10.00000		355.00000		350.00000		-10.16103
-5.00000		-10.00000		360.00000		355.00000		-9.60213
-10.00000		-15.00000		 5.00000		 0.00000		-1.19989
-10.00000		-15.00000		10.00000		 5.00000		-9.98634
-10.00000		-15.00000		15.00000		10.00000		 1.45409
-10.00000		-15.00000		21.00000		15.00000		-9.13135
-10.00000		-15.00000		26.00000		21.00000		-10.08880
-10.00000		-15.00000		31.00000		26.00000		-2.39765
-10.00000		-15.00000		36.00000		31.00000		-4.39339
-10.00000		-15.00000		41.00000		36.00000		-8.98947
-10.00000		-15.00000		46.00000		41.00000		-22.68981
-10.00000		-15.00000		51.00000		46.00000		-18.39966
-10.00000		-15.00000		57.00000		51.00000		-8.25073
-10.00000		-15.00000		62.00000		57.00000		-8.01769
-10.00000		-15.00000		67.00000		62.00000		-1.79295
-10.00000		-15.00000		72.00000		67.00000		-6.72822
-10.00000		-15.00000		77.00000		72.00000		-19.94815
-10.00000		-15.00000		82.00000		77.00000		-25.83796
-10.00000		-15.00000		87.00000		82.00000		-23.35711
-10.00000		-15.00000		93.00000		87.00000		-25.52956
-10.00000		-15.00000		98.00000		93.00000		-16.26909
-10.00000		-15.00000		103.00000		98.00000		-14.03236
-10.00000		-15.00000		108.00000		103.00000		 3.07626
-10.00000		-15.00000		113.00000		108.00000		-3.65006
-10.00000		-15.00000		118.00000		113.00000		-15.74815
-10.00000		-15.00000		123.00000		118.00000		-2.10750
-10.00000		-15.00000		129.00000		123.00000		21.29272
-10.00000		-15.00000		134.00000		129.00000		29.37895
-10.00000		-15.00000		139.00000		134.00000		21.88925
-10.00000		-15.00000		144.00000		139.00000		20.89496
-10.00000		-15.00000		149.00000		144.00000		12.71915
-10.00000		-15.00000		154.00000		149.00000		25.52486
-10.00000		-15.00000		159.00000		154.00000		30.73639
-10.00000		-15.00000		165.00000		159.00000		15.84289
-10.00000		-15.00000		170.00000		165.00000		15.58891
-10.00000		-15.00000		175.00000		170.00000		16.57996
-10.00000		-15.00000		180.00000		175.00000		12.65286
-10.00000		-15.00000		185.00000		180.00000		16.78947
-10.00000		-15.00000		190.00000		185.00000		 8.50347
-10.00000		-15.00000		195.00000		190.00000		11.20325
-10.00000		-15.00000		201.00000		195.00000		 7.92105
-10.00000		-15.00000		206.00000		201.00000		-8.53796
-10.00000		-15.00000		211.00000		206.00000		 2.50078
-10.00000		-15.00000		216.00000		211.00000		-6.94412
-10.00000		-15.00000		221.00000		216.00000		-6.34950
-10.00000		-15.00000		226.00000		221.00000		-1.44905
-10.00000		-15.00000		231.00000		226.00000		-0.54961
-10.00000		-15.00000		237.00000		231.00000		 2.59138
-10.00000		-15.00000		242.00000		237.00000		 6.62654
-10.00000		-15.00000		247.00000		242.00000		 6.13057
-10.00000		-15.00000		252.00000		247.00000		10.62318
-10.00000		-15.00000		257.00000		252.00000		 5.14994
-10.00000		-15.00000		262.00000		257.00000		-4.32811
-10.00000		-15.00000		267.00000		262.00000		-14.29653
-10.00000		-15.00000		273.00000		267.00000		-16.24770
-10.00000		-15.00000		278.00000		273.00000		-16.74961
-10.00000		-15.00000		283.00000		278.00000		-31.37122
-10.00000		-15.00000		288.00000		283.00000		40.79776
-10.00000		-15.00000		293.00000		288.00000		27.28320
-10.00000		-15.00000		298.00000		293.00000		22.55017
-10.00000		-15.00000		303.00000		298.00000		-3.41019
-10.00000		-15.00000		309.00000		303.00000		-12.87424
-10.00000		-15.00000		314.00000		309.00000		-1.55879
-10.00000		-15.00000		319.00000		314.00000		-10.54031
-10.00000		-15.00000		324.00000		319.00000		-4.28914
-10.00000		-15.00000		329.00000		324.00000		-16.66092
-10.00000		-15.00000		334.00000		329.00000		-19.97514
-10.00000		-15.00000		339.00000		334.00000		-22.03404
-10.00000		-15.00000		345.00000		339.00000		-12.13796
-10.00000		-15.00000		350.00000		345.00000		 1.63348
-10.00000		-15.00000		355.00000		350.00000		-0.27469
-10.00000		-15.00000		360.00000		355.00000		-6.52542
-15.00000		-20.00000		 5.00000		 0.00000		-5.66025
-15.00000		-20.00000		10.00000		 5.00000		-3.40885
-15.00000		-20.00000		16.00000		10.00000		 6.50952
-15.00000		-20.00000		21.00000		16.00000		-3.90594
-15.00000		-20.00000		26.00000		21.00000		-8.86181
-15.00000		-20.00000		31.00000		26.00000		10.06540
-15.00000		-20.00000		37.00000		31.00000		 2.21445
-15.00000		-20.00000		42.00000		37.00000		-17.72710
-15.00000		-20.00000		47.00000		42.00000		-15.01814
-15.00000		-20.00000		52.00000		47.00000		16.52576
-15.00000		-20.00000		57.00000		52.00000		-3.41904
-15.00000		-20.00000		63.00000		57.00000		15.25935
-15.00000		-20.00000		68.00000		63.00000		 7.09474
-15.00000		-20.00000		73.00000		68.00000		-0.74658
-15.00000		-20.00000		78.00000		73.00000		-10.26853
-15.00000		-20.00000		83.00000		78.00000		-16.86988
-15.00000		-20.00000		89.00000		83.00000		-17.77716
-15.00000		-20.00000		94.00000		89.00000		-31.79171
-15.00000		-20.00000		99.00000		94.00000		-25.27335
-15.00000		-20.00000		104.00000		99.00000		-29.14076
-15.00000		-20.00000		110.00000		104.00000		-20.17010
-15.00000		-20.00000		115.00000		110.00000		-21.80683
-15.00000		-20.00000		120.00000		115.00000		-8.14838
-15.00000		-20.00000		125.00000		120.00000		14.34513
-15.00000		-20.00000		130.00000		125.00000		16.06965
-15.00000		-20.00000		136.00000		130.00000		 4.88690
-15.00000		-20.00000		141.00000		136.00000		13.36394
-15.00000		-20.00000		146.00000		141.00000		22.75028
-15.00000		-20.00000		151.00000		146.00000		14.88791
-15.00000		-20.00000		157.00000		151.00000		15.08701
-15.00000		-20.00000		162.00000		157.00000		 5.18432
-15.00000		-20.00000		167.00000		162.00000		15.81601
-15.00000		-20.00000		172.00000		167.00000		41.01120
-15.00000		-20.00000		177.00000		172.00000		29.63091
-15.00000		-20.00000		183.00000		177.00000		18.99250
-15.00000		-20.00000		188.00000		183.00000		-4.50426
-15.00000		-20.00000		193.00000		188.00000		 3.26058
-15.00000		-20.00000		198.00000		193.00000		-6.24121
-15.00000		-20.00000		203.00000		198.00000		 9.42094
-15.00000		-20.00000		209.00000		203.00000		 0.85510
-15.00000		-20.00000		214.00000		209.00000		-4.60302
-15.00000		-20.00000		219.00000		214.00000		-4.92038
-15.00000		-20.00000		224.00000		219.00000		-5.81590
-15.00000		-20.00000		230.00000		224.00000		-3.06338
-15.00000		-20.00000		235.00000		230.00000		-2.32721
-15.00000		-20.00000		240.00000		235.00000		-4.41131
-15.00000		-20.00000		245.00000		240.00000		 3.03964
-15.00000		-20.00000		250.00000		245.00000		 7.24121
-15.00000		-20.00000		256.00000		250.00000		-3.44502
-15.00000		-20.00000		261.00000		256.00000		-4.73527
-15.00000		-20.00000		266.00000		261.00000		 1.90504
-15.00000		-20.00000		271.00000		266.00000		-0.26988
-15.00000		-20.00000		277.00000		271.00000		-0.92912
-15.00000		-20.00000		282.00000		277.00000		-4.99798
-15.00000		-20.00000		287.00000		282.00000		-0.78298
-15.00000		-20.00000		292.00000		287.00000		48.35274
-15.00000		-20.00000		297.00000		292.00000		50.32934
-15.00000		-20.00000		303.00000		297.00000		14.04703
-15.00000		-20.00000		308.00000		303.00000		-7.57346
-15.00000		-20.00000		313.00000		308.00000		-17.01008
-15.00000		-20.00000		318.00000		313.00000		-16.78074
-15.00000		-20.00000		323.00000		318.00000		-6.47951
-15.00000		-20.00000		329.00000		323.00000		-14.38690
-15.00000		-20.00000		334.00000		329.00000		-15.74916
-15.00000		-20.00000		339.00000		334.00000		-25.52542
-15.00000		-20.00000		344.00000		339.00000		-12.52553
-15.00000		-20.00000		350.00000		344.00000		 5.26450
-15.00000		-20.00000		355.00000		350.00000		 1.03841
-15.00000		-20.00000		360.00000		355.00000		-2.51948
-20.00000		-25.00000		 5.00000		 0.00000		 2.42564
-20.00000		-25.00000		11.00000		 5.00000		 7.96372
-20.00000		-25.00000		16.00000		11.00000		21.02856
-20.00000		-25.00000		21.00000		16.00000		26.70157
-20.00000		-25.00000		27.00000		21.00000		-1.82889
-20.00000		-25.00000		32.00000		27.00000		 9.76439
-20.00000		-25.00000		38.00000		32.00000		-8.40862
-20.00000		-25.00000		43.00000		38.00000		-11.86943
-20.00000		-25.00000		48.00000		43.00000		17.82262
-20.00000		-25.00000		54.00000		48.00000		-1.09071
-20.00000		-25.00000		59.00000		54.00000		 3.97436
-20.00000		-25.00000		64.00000		59.00000		15.64558
-20.00000		-25.00000		70.00000		64.00000		28.64692
-20.00000		-25.00000		75.00000		70.00000		12.86193
-20.00000		-25.00000		81.00000		75.00000		-4.18835
-20.00000		-25.00000		86.00000		81.00000		-7.65868
-20.00000		-25.00000		91.00000		86.00000		-3.95095
-20.00000		-25.00000		97.00000		91.00000		-13.57794
-20.00000		-25.00000		102.00000		97.00000		-25.12004
-20.00000		-25.00000		107.00000		102.00000		 1.47828
-20.00000		-25.00000		113.00000		107.00000		-16.79574
-20.00000		-25.00000		118.00000		113.00000		 8.20739
-20.00000		-25.00000		124.00000		118.00000		 7.77548
-20.00000		-25.00000		129.00000		124.00000		-5.42553
-20.00000		-25.00000		134.00000		129.00000		-4.70280
-20.00000		-25.00000		140.00000		134.00000		10.76081
-20.00000		-25.00000		145.00000		140.00000		 4.90918
-20.00000		-25.00000		150.00000		145.00000		26.22710
-20.00000		-25.00000		156.00000		150.00000		 5.41646
-20.00000		-25.00000		161.00000		156.00000		 7.42038
-20.00000		-25.00000		167.00000		161.00000		22.84267
-20.00000		-25.00000		172.00000		167.00000		28.37189
-20.00000		-25.00000		177.00000		172.00000		36.28779
-20.00000		-25.00000		183.00000		177.00000		11.77346
-20.00000		-25.00000		188.00000		183.00000		-4.91277
-20.00000		-25.00000		193.00000		188.00000		-18.60034
-20.00000		-25.00000		199.00000		193.00000		-6.03438
-20.00000		-25.00000		204.00000		199.00000		-4.76417
-20.00000		-25.00000		210.00000		204.00000		-10.32654
-20.00000		-25.00000		215.00000		210.00000		-14.35028
-20.00000		-25.00000		220.00000		215.00000		-8.71176
-20.00000		-25.00000		226.00000		220.00000		-11.75263
-20.00000		-25.00000		231.00000		226.00000		-0.09373
-20.00000		-25.00000		236.00000		231.00000		 7.68152
-20.00000		-25.00000		242.00000		236.00000		 6.97895
-20.00000		-25.00000		247.00000		242.00000		 8.78455
-20.00000		-25.00000		253.00000		247.00000		 1.62956
-20.00000		-25.00000		258.00000		253.00000		 3.00224
-20.00000		-25.00000		263.00000		258.00000		 3.18421
-20.00000		-25.00000		269.00000		263.00000		 3.71904
-20.00000		-25.00000		274.00000		269.00000		 3.68432
-20.00000		-25.00000		279.00000		274.00000		 3.91971
-20.00000		-25.00000		285.00000		279.00000		-3.90426
-20.00000		-25.00000		290.00000		285.00000		-7.32587
-20.00000		-25.00000		296.00000		290.00000		72.55454
-20.00000		-25.00000		301.00000		296.00000		 6.40370
-20.00000		-25.00000		306.00000		301.00000		-2.44815
-20.00000		-25.00000		312.00000		306.00000		-18.94367
-20.00000		-25.00000		317.00000		312.00000		-0.75006
-20.00000		-25.00000		322.00000		317.00000		-15.09451
-20.00000		-25.00000		328.00000		322.00000		-23.35386
-20.00000		-25.00000		333.00000		328.00000		-15.72161
-20.00000		-25.00000		339.00000		333.00000		-20.83035
-20.00000		-25.00000		344.00000		339.00000		-19.97693
-20.00000		-25.00000		349.00000		344.00000		-0.95935
-20.00000		-25.00000		355.00000		349.00000		-5.96764
-20.00000		-25.00000		360.00000		355.00000		-8.17290
-25.00000		-30.00000		 6.00000		 0.00000		-3.56002
-25.00000		-30.00000		11.00000		 6.00000		 3.91355
-25.00000		-30.00000		17.00000		11.00000		14.56764
-25.00000		-30.00000		23.00000		17.00000		15.52968
-25.00000		-30.00000		28.00000		23.00000		19.61030
-25.00000		-30.00000		34.00000		28.00000		25.98936
-25.00000		-30.00000		39.00000		34.00000		-7.05140
-25.00000		-30.00000		45.00000		39.00000		 1.99574
-25.00000		-30.00000		51.00000		45.00000		14.80302
-25.00000		-30.00000		56.00000		51.00000		 0.11691
-25.00000		-30.00000		62.00000		56.00000		-1.60661
-25.00000		-30.00000		68.00000		62.00000		18.61232
-25.00000		-30.00000		73.00000		68.00000		26.56428
-25.00000		-30.00000		79.00000		73.00000		17.18746
-25.00000		-30.00000		84.00000		79.00000		-6.62811
-25.00000		-30.00000		90.00000		84.00000		-0.89003
-25.00000		-30.00000		96.00000		90.00000		-7.37828
-25.00000		-30.00000		101.00000		96.00000		-9.93068
-25.00000		-30.00000		107.00000		101.00000		-6.70605
-25.00000		-30.00000		113.00000		107.00000		-18.94345
-25.00000		-30.00000		118.00000		113.00000		 4.46148
-25.00000		-30.00000		124.00000		118.00000		-5.23707
-25.00000		-30.00000		129.00000		124.00000		-16.60515
-25.00000		-30.00000		135.00000		129.00000		-15.36641
-25.00000		-30.00000		141.00000		135.00000		-8.30784
-25.00000		-30.00000		146.00000		141.00000		-2.71411
-25.00000		-30.00000		152.00000		146.00000		12.54244
-25.00000		-30.00000		158.00000		152.00000		 4.76797
-25.00000		-30.00000		163.00000		158.00000		 9.30325
-25.00000		-30.00000		169.00000		163.00000		 7.62732
-25.00000		-30.00000		174.00000		169.00000		 4.17200
-25.00000		-30.00000		180.00000		174.00000		-2.24468
-25.00000		-30.00000		186.00000		180.00000		-33.70347
-25.00000		-30.00000		191.00000		186.00000		-11.49250
-25.00000		-30.00000		197.00000		191.00000		-10.29384
-25.00000		-30.00000		203.00000		197.00000		-8.85151
-25.00000		-30.00000		208.00000		203.00000		-0.79765
-25.00000		-30.00000		214.00000		208.00000		 0.08925
-25.00000		-30.00000		219.00000		214.00000		 3.24155
-25.00000		-30.00000		225.00000		219.00000		-11.62464
-25.00000		-30.00000		231.00000		225.00000		 5.47615
-25.00000		-30.00000		236.00000		231.00000		 1.10952
-25.00000		-30.00000		242.00000		236.00000		 1.13830
-25.00000		-30.00000		248.00000		242.00000		 1.52475
-25.00000		-30.00000		253.00000		248.00000		 6.69093
-25.00000		-30.00000		259.00000		253.00000		 6.45588
-25.00000		-30.00000		264.00000		259.00000		 6.85969
-25.00000		-30.00000		270.00000		264.00000		12.37861
-25.00000		-30.00000		276.00000		270.00000		 3.02744
-25.00000		-30.00000		281.00000		276.00000		 1.00515
-25.00000		-30.00000		287.00000		281.00000		12.80090
-25.00000		-30.00000		293.00000		287.00000		41.44882
-25.00000		-30.00000		298.00000		293.00000		11.31153
-25.00000		-30.00000		304.00000		298.00000		11.06260
-25.00000		-30.00000		309.00000		304.00000		-10.12049
-25.00000		-30.00000		315.00000		309.00000		 0.24558
-25.00000		-30.00000		321.00000		315.00000		-28.74815
-25.00000		-30.00000		326.00000		321.00000		-13.83527
-25.00000		-30.00000		332.00000		326.00000		-13.31892
-25.00000		-30.00000		338.00000		332.00000		-1.68219
-25.00000		-30.00000		343.00000		338.00000		-2.61333
-25.00000		-30.00000		349.00000		343.00000		-4.64714
-25.00000		-30.00000		354.00000		349.00000		-9.00403
-25.00000		-30.00000		360.00000		354.00000		-7.31478
-30.00000		-35.00000		 6.00000		 0.00000		-3.20649
-30.00000		-35.00000		12.00000		 6.00000		-6.28376
-30.00000		-35.00000		18.00000		12.00000		 2.67525
-30.00000		-35.00000		24.00000		18.00000		24.86943
-30.00000		-35.00000		30.00000		24.00000		14.53247
-30.00000		-35.00000		35.00000		30.00000		 8.89317
-30.00000		-35.00000		41.00000		35.00000		-2.47727
-30.00000		-35.00000		47.00000		41.00000		28.45957
-30.00000		-35.00000		53.00000		47.00000		15.44143
-30.00000		-35.00000		59.00000		53.00000		22.17884
-30.00000		-35.00000		65.00000		59.00000		 0.49552
-30.00000		-35.00000		71.00000		65.00000		 7.53247
-30.00000		-35.00000		77.00000		71.00000		20.32889
-30.00000		-35.00000		83.00000		77.00000		 1.81086
-30.00000		-35.00000		89.00000		83.00000		 7.54457
-30.00000		-35.00000		94.00000		89.00000		-7.82665
-30.00000		-35.00000		100.00000		94.00000		-19.67716
-30.00000		-35.00000		106.00000		100.00000		-27.30773
-30.00000		-35.00000		112.00000		106.00000		-25.72340
-30.00000		-35.00000		118.00000		112.00000		-10.99698
-30.00000		-35.00000		124.00000		118.00000		-13.71814
-30.00000		-35.00000		130.00000		124.00000		-23.17872
-30.00000		-35.00000		136.00000		130.00000		-21.34457
-30.00000		-35.00000		142.00000		136.00000		 5.17839
-30.00000		-35.00000		148.00000		142.00000		 3.79541
-30.00000		-35.00000		153.00000		148.00000		22.88679
-30.00000		-35.00000		159.00000		153.00000		-25.98858
-30.00000		-35.00000		165.00000		159.00000		-22.93841
-30.00000		-35.00000		171.00000		165.00000		-34.63695
-30.00000		-35.00000		177.00000		171.00000		33.14871
-30.00000		-35.00000		183.00000		177.00000		-2.06764
-30.00000		-35.00000		189.00000		183.00000		-23.69127
-30.00000		-35.00000		195.00000		189.00000		-16.65330
-30.00000		-35.00000		201.00000		195.00000		-6.89160
-30.00000		-35.00000		207.00000		201.00000		-5.76316
-30.00000		-35.00000		212.00000		207.00000		-3.05913
-30.00000		-35.00000		218.00000		212.00000		 4.96103
-30.00000		-35.00000		224.00000		218.00000		 6.60269
-30.00000		-35.00000		230.00000		224.00000		-2.17279
-30.00000		-35.00000		236.00000		230.00000		 0.52923
-30.00000		-35.00000		242.00000		236.00000		 6.19429
-30.00000		-35.00000		248.00000		242.00000		-2.71736
-30.00000		-35.00000		254.00000		248.00000		-3.84782
-30.00000		-35.00000		260.00000		254.00000		-1.92688
-30.00000		-35.00000		266.00000		260.00000		-11.71209
-30.00000		-35.00000		271.00000		266.00000		-1.28231
-30.00000		-35.00000		277.00000		271.00000		 5.54546
-30.00000		-35.00000		283.00000		277.00000		 8.00694
-30.00000		-35.00000		289.00000		283.00000		-15.83247
-30.00000		-35.00000		295.00000		289.00000		34.95375
-30.00000		-35.00000		301.00000		295.00000		16.20314
-30.00000		-35.00000		307.00000		301.00000		20.84345
-30.00000		-35.00000		313.00000		307.00000		-2.24401
-30.00000		-35.00000		319.00000		313.00000		-17.87884
-30.00000		-35.00000		325.00000		319.00000		-18.39015
-30.00000		-35.00000		330.00000		325.00000		-12.73404
-30.00000		-35.00000		336.00000		330.00000		 0.57525
-30.00000		-35.00000		342.00000		336.00000		 5.45050
-30.00000		-35.00000		348.00000		342.00000		 3.28891
-30.00000		-35.00000		354.00000		348.00000		-0.81926
-30.00000		-35.00000		360.00000		354.00000		 8.42195
-35.00000		-40.00000		 6.00000		 0.00000		-8.03147
-35.00000		-40.00000		13.00000		 6.00000		-1.93169
-35.00000		-40.00000		19.00000		13.00000		-2.01243
-35.00000		-40.00000		25.00000		19.00000		-0.80997
-35.00000		-40.00000		32.00000		25.00000		11.09485
-35.00000		-40.00000		38.00000		32.00000		 7.41187
-35.00000		-40.00000		44.00000		38.00000		 7.97671
-35.00000		-40.00000		51.00000		44.00000		18.74378
-35.00000		-40.00000		57.00000		51.00000		12.81288
-35.00000		-40.00000		63.00000		57.00000		 5.12430
-35.00000		-40.00000		69.00000		63.00000		 0.55241
-35.00000		-40.00000		76.00000		69.00000		-2.66137
-35.00000		-40.00000		82.00000		76.00000		-0.04502
-35.00000		-40.00000		88.00000		82.00000		 0.76081
-35.00000		-40.00000		95.00000		88.00000		-0.64502
-35.00000		-40.00000		101.00000		95.00000		-9.72497
-35.00000		-40.00000		107.00000		101.00000		-16.92161
-35.00000		-40.00000		114.00000		107.00000		-30.87604
-35.00000		-40.00000		120.00000		114.00000		-31.40134
-35.00000		-40.00000		126.00000		120.00000		-29.43225
-35.00000		-40.00000		133.00000		126.00000		-17.06495
-35.00000		-40.00000		139.00000		133.00000		-10.44849
-35.00000		-40.00000		145.00000		139.00000		-1.09306
-35.00000		-40.00000		152.00000		145.00000		-0.37973
-35.00000		-40.00000		158.00000		152.00000		-3.92721
-35.00000		-40.00000		164.00000		158.00000		-6.79709
-35.00000		-40.00000		171.00000		164.00000		 1.65454
-35.00000		-40.00000		177.00000		171.00000		 8.79059
-35.00000		-40.00000		183.00000		177.00000		-12.10426
-35.00000		-40.00000		189.00000		183.00000		-5.02240
-35.00000		-40.00000		196.00000		189.00000		-27.08052
-35.00000		-40.00000		202.00000		196.00000		-4.65162
-35.00000		-40.00000		208.00000		202.00000		-4.46405
-35.00000		-40.00000		215.00000		208.00000		-6.28690
-35.00000		-40.00000		221.00000		215.00000		-3.50896
-35.00000		-40.00000		227.00000		221.00000		-3.68130
-35.00000		-40.00000		234.00000		227.00000		 8.35857
-35.00000		-40.00000		240.00000		234.00000		 1.09272
-35.00000		-40.00000		246.00000		240.00000		-4.15039
-35.00000		-40.00000		253.00000		246.00000		-24.92027
-35.00000		-40.00000		259.00000		253.00000		-28.15510
-35.00000		-40.00000		265.00000		259.00000		-5.70504
-35.00000		-40.00000		272.00000		265.00000		 0.39171
-35.00000		-40.00000		278.00000		272.00000		 1.71635
-35.00000		-40.00000		284.00000		278.00000		 2.36081
-35.00000		-40.00000		291.00000		284.00000		21.37660
-35.00000		-40.00000		297.00000		291.00000		 3.59250
-35.00000		-40.00000		303.00000		297.00000		13.73919
-35.00000		-40.00000		309.00000		303.00000		 3.60985
-35.00000		-40.00000		316.00000		309.00000		-28.93729
-35.00000		-40.00000		322.00000		316.00000		-14.60179
-35.00000		-40.00000		328.00000		322.00000		 5.82363
-35.00000		-40.00000		335.00000		328.00000		 1.23763
-35.00000		-40.00000		341.00000		335.00000		 8.17671
-35.00000		-40.00000		347.00000		341.00000		 6.98108
-35.00000		-40.00000		354.00000		347.00000		 0.08779
-35.00000		-40.00000		360.00000		354.00000		-8.91299
-40.00000		-45.00000		 7.00000		 0.00000		 3.63695
-40.00000		-45.00000		14.00000		 7.00000		 1.01758
-40.00000		-45.00000		20.00000		14.00000		 6.93617
-40.00000		-45.00000		27.00000		20.00000		15.78847
-40.00000		-45.00000		34.00000		27.00000		69.67223
-40.00000		-45.00000		41.00000		34.00000		 8.20246
-40.00000		-45.00000		48.00000		41.00000		12.37200
-40.00000		-45.00000		54.00000		48.00000		 3.72027
-40.00000		-45.00000		61.00000		54.00000		 2.87077
-40.00000		-45.00000		68.00000		61.00000		 6.06999
-40.00000		-45.00000		75.00000		68.00000		-4.89283
-40.00000		-45.00000		82.00000		75.00000		 4.61613
-40.00000		-45.00000		88.00000		82.00000		-2.23057
-40.00000		-45.00000		95.00000		88.00000		 2.24434
-40.00000		-45.00000		102.00000		95.00000		-3.34849
-40.00000		-45.00000		109.00000		102.00000		-3.07637
-40.00000		-45.00000		115.00000		109.00000		-9.57581
-40.00000		-45.00000		122.00000		115.00000		-7.02721
-40.00000		-45.00000		129.00000		122.00000		-4.30482
-40.00000		-45.00000		136.00000		129.00000		 0.79698
-40.00000		-45.00000		143.00000		136.00000		 2.34524
-40.00000		-45.00000		149.00000		143.00000		-0.89440
-40.00000		-45.00000		156.00000		149.00000		-15.42441
-40.00000		-45.00000		163.00000		156.00000		 2.49015
-40.00000		-45.00000		170.00000		163.00000		-19.31881
-40.00000		-45.00000		177.00000		170.00000		 8.63819
-40.00000		-45.00000		183.00000		177.00000		13.90817
-40.00000		-45.00000		190.00000		183.00000		-22.76506
-40.00000		-45.00000		197.00000		190.00000		-22.38544
-40.00000		-45.00000		204.00000		197.00000		-4.84031
-40.00000		-45.00000		211.00000		204.00000		-3.35297
-40.00000		-45.00000		217.00000		211.00000		-0.66383
-40.00000		-45.00000		224.00000		217.00000		-0.44894
-40.00000		-45.00000		231.00000		224.00000		-2.87044
-40.00000		-45.00000		238.00000		231.00000		-6.77626
-40.00000		-45.00000		245.00000		238.00000		 0.66069
-40.00000		-45.00000		251.00000		245.00000		-17.70056
-40.00000		-45.00000		258.00000		251.00000		-11.18063
-40.00000		-45.00000		265.00000		258.00000		-1.01523
-40.00000		-45.00000		272.00000		265.00000		-4.51814
-40.00000		-45.00000		278.00000		272.00000		 2.96674
-40.00000		-45.00000		285.00000		278.00000		 0.10627
-40.00000		-45.00000		292.00000		285.00000		38.30605
-40.00000		-45.00000		299.00000		292.00000		 2.71557
-40.00000		-45.00000		306.00000		299.00000		 2.54524
-40.00000		-45.00000		312.00000		306.00000		-11.00011
-40.00000		-45.00000		319.00000		312.00000		-14.07615
-40.00000		-45.00000		326.00000		319.00000		-5.41321
-40.00000		-45.00000		333.00000		326.00000		 3.19686
-40.00000		-45.00000		340.00000		333.00000		-0.23673
-40.00000		-45.00000		346.00000		340.00000		 3.47816
-40.00000		-45.00000		353.00000		346.00000		-1.23348
-40.00000		-45.00000		360.00000		353.00000		13.24076
-45.00000		-50.00000		 7.00000		 0.00000		 2.63057
-45.00000		-50.00000		15.00000		 7.00000		-3.11344
-45.00000		-50.00000		22.00000		15.00000		 3.77290
-45.00000		-50.00000		29.00000		22.00000		 6.85823
-45.00000		-50.00000		37.00000		29.00000		10.89082
-45.00000		-50.00000		44.00000		37.00000		15.86148
-45.00000		-50.00000		51.00000		44.00000		17.40963
-45.00000		-50.00000		59.00000		51.00000		 8.02408
-45.00000		-50.00000		66.00000		59.00000		 6.27693
-45.00000		-50.00000		73.00000		66.00000		19.12273
-45.00000		-50.00000		81.00000		73.00000		 1.81097
-45.00000		-50.00000		88.00000		81.00000		 0.90414
-45.00000		-50.00000		96.00000		88.00000		-0.00873
-45.00000		-50.00000		103.00000		96.00000		 1.12553
-45.00000		-50.00000		110.00000		103.00000		 3.56887
-45.00000		-50.00000		118.00000		110.00000		-4.51109
-45.00000		-50.00000		125.00000		118.00000		 0.87514
-45.00000		-50.00000		132.00000		125.00000		-1.85689
-45.00000		-50.00000		140.00000		132.00000		-0.50907
-45.00000		-50.00000		147.00000		140.00000		 2.13147
-45.00000		-50.00000		154.00000		147.00000		 5.49832
-45.00000		-50.00000		162.00000		154.00000		-11.52844
-45.00000		-50.00000		169.00000		162.00000		 8.92083
-45.00000		-50.00000		176.00000		169.00000		10.53662
-45.00000		-50.00000		184.00000		176.00000		-19.37581
-45.00000		-50.00000		191.00000		184.00000		-19.06943
-45.00000		-50.00000		198.00000		191.00000		 0.85577
-45.00000		-50.00000		206.00000		198.00000		-2.03763
-45.00000		-50.00000		213.00000		206.00000		-8.69866
-45.00000		-50.00000		220.00000		213.00000		-1.14759
-45.00000		-50.00000		228.00000		220.00000		 1.25980
-45.00000		-50.00000		235.00000		228.00000		 1.02979
-45.00000		-50.00000		242.00000		235.00000		-1.51064
-45.00000		-50.00000		250.00000		242.00000		 0.34446
-45.00000		-50.00000		257.00000		250.00000		 4.60392
-45.00000		-50.00000		264.00000		257.00000		-0.97480
-45.00000		-50.00000		272.00000		264.00000		 1.32576
-45.00000		-50.00000		279.00000		272.00000		13.47850
-45.00000		-50.00000		287.00000		279.00000		-6.29798
-45.00000		-50.00000		294.00000		287.00000		 4.98645
-45.00000		-50.00000		301.00000		294.00000		 0.74614
-45.00000		-50.00000		309.00000		301.00000		-15.90672
-45.00000		-50.00000		316.00000		309.00000		-15.86417
-45.00000		-50.00000		323.00000		316.00000		-17.25935
-45.00000		-50.00000		331.00000		323.00000		-22.92419
-45.00000		-50.00000		338.00000		331.00000		 1.84468
-45.00000		-50.00000		345.00000		338.00000		 4.94591
-45.00000		-50.00000		353.00000		345.00000		13.66226
-45.00000		-50.00000		360.00000		353.00000		 3.44401
-50.00000		-55.00000		 8.00000		 0.00000		 4.96540
-50.00000		-55.00000		16.00000		 8.00000		 4.05420
-50.00000		-55.00000		25.00000		16.00000		 3.67525
-50.00000		-55.00000		33.00000		25.00000		 5.02172
-50.00000		-55.00000		41.00000		33.00000		11.45174
-50.00000		-55.00000		49.00000		41.00000		10.52486
-50.00000		-55.00000		57.00000		49.00000		 8.77828
-50.00000		-55.00000		65.00000		57.00000		10.85431
-50.00000		-55.00000		74.00000		65.00000		16.17861
-50.00000		-55.00000		82.00000		74.00000		 1.33124
-50.00000		-55.00000		90.00000		82.00000		 8.60840
-50.00000		-55.00000		98.00000		90.00000		 1.35353
-50.00000		-55.00000		106.00000		98.00000		-2.15129
-50.00000		-55.00000		115.00000		106.00000		-1.56753
-50.00000		-55.00000		123.00000		115.00000		-0.77525
-50.00000		-55.00000		131.00000		123.00000		-10.27324
-50.00000		-55.00000		139.00000		131.00000		-6.66484
-50.00000		-55.00000		147.00000		139.00000		27.89832
-50.00000		-55.00000		155.00000		147.00000		-3.52273
-50.00000		-55.00000		164.00000		155.00000		 4.27245
-50.00000		-55.00000		172.00000		164.00000		12.18936
-50.00000		-55.00000		180.00000		172.00000		-3.41669
-50.00000		-55.00000		188.00000		180.00000		 3.75263
-50.00000		-55.00000		196.00000		188.00000		-6.48578
-50.00000		-55.00000		205.00000		196.00000		-2.48869
-50.00000		-55.00000		213.00000		205.00000		-4.71545
-50.00000		-55.00000		221.00000		213.00000		 0.83057
-50.00000		-55.00000		229.00000		221.00000		-0.83404
-50.00000		-55.00000		237.00000		229.00000		-1.57839
-50.00000		-55.00000		245.00000		237.00000		-2.55980
-50.00000		-55.00000		254.00000		245.00000		 4.77559
-50.00000		-55.00000		262.00000		254.00000		-2.65039
-50.00000		-55.00000		270.00000		262.00000		 0.09832
-50.00000		-55.00000		278.00000		270.00000		 3.98779
-50.00000		-55.00000		286.00000		278.00000		 8.20246
-50.00000		-55.00000		295.00000		286.00000		-0.12038
-50.00000		-55.00000		303.00000		295.00000		10.28343
-50.00000		-55.00000		311.00000		303.00000		-5.01870
-50.00000		-55.00000		319.00000		311.00000		 2.56585
-50.00000		-55.00000		327.00000		319.00000		 1.30224
-50.00000		-55.00000		335.00000		327.00000		22.77772
-50.00000		-55.00000		344.00000		335.00000		-0.42049
-50.00000		-55.00000		352.00000		344.00000		 7.90437
-50.00000		-55.00000		360.00000		352.00000		 2.21579
-55.00000		-60.00000		 9.00000		 0.00000		 1.75050
-55.00000		-60.00000		18.00000		 9.00000		 3.35140
-55.00000		-60.00000		28.00000		18.00000		 2.17223
-55.00000		-60.00000		37.00000		28.00000		 5.24782
-55.00000		-60.00000		46.00000		37.00000		11.55857
-55.00000		-60.00000		55.00000		46.00000		 8.35454
-55.00000		-60.00000		65.00000		55.00000		 2.92576
-55.00000		-60.00000		74.00000		65.00000		 3.07783
-55.00000		-60.00000		83.00000		74.00000		11.93124
-55.00000		-60.00000		92.00000		83.00000		 5.63628
-55.00000		-60.00000		102.00000		92.00000		 1.89698
-55.00000		-60.00000		111.00000		102.00000		 3.98365
-55.00000		-60.00000		120.00000		111.00000		 2.83337
-55.00000		-60.00000		129.00000		120.00000		 5.27928
-55.00000		-60.00000		138.00000		129.00000		-2.62856
-55.00000		-60.00000		148.00000		138.00000		17.11064
-55.00000		-60.00000		157.00000		148.00000		 9.72688
-55.00000		-60.00000		166.00000		157.00000		-13.12844
-55.00000		-60.00000		175.00000		166.00000		 0.19440
-55.00000		-60.00000		185.00000		175.00000		-3.46775
-55.00000		-60.00000		194.00000		185.00000		-23.42004
-55.00000		-60.00000		203.00000		194.00000		-12.18018
-55.00000		-60.00000		212.00000		203.00000		-3.50941
-55.00000		-60.00000		222.00000		212.00000		14.09933
-55.00000		-60.00000		231.00000		222.00000		-5.12464
-55.00000		-60.00000		240.00000		231.00000		-1.30302
-55.00000		-60.00000		249.00000		240.00000		-1.50190
-55.00000		-60.00000		258.00000		249.00000		 5.21265
-55.00000		-60.00000		268.00000		258.00000		 4.44614
-55.00000		-60.00000		277.00000		268.00000		-3.42609
-55.00000		-60.00000		286.00000		277.00000		-7.77861
-55.00000		-60.00000		295.00000		286.00000		15.81467
-55.00000		-60.00000		305.00000		295.00000		29.54323
-55.00000		-60.00000		314.00000		305.00000		19.45879
-55.00000		-60.00000		323.00000		314.00000		16.85834
-55.00000		-60.00000		332.00000		323.00000		35.91277
-55.00000		-60.00000		342.00000		332.00000		11.78275
-55.00000		-60.00000		351.00000		342.00000		17.50146
-55.00000		-60.00000		360.00000		351.00000		 4.14558
-60.00000		-65.00000		11.00000		 0.00000		 3.64894
-60.00000		-65.00000		22.00000		11.00000		20.94479
-60.00000		-65.00000		33.00000		22.00000		-0.34838
-60.00000		-65.00000		44.00000		33.00000		 6.37044
-60.00000		-65.00000		55.00000		44.00000		 7.48163
-60.00000		-65.00000		65.00000		55.00000		 4.62094
-60.00000		-65.00000		76.00000		65.00000		29.00941
-60.00000		-65.00000		87.00000		76.00000		 9.91165
-60.00000		-65.00000		98.00000		87.00000		-16.37592
-60.00000		-65.00000		109.00000		98.00000		18.25129
-60.00000		-65.00000		120.00000		109.00000		-35.28108
-60.00000		-65.00000		131.00000		120.00000		-21.36114
-60.00000		-65.00000		142.00000		131.00000		-29.31512
-60.00000		-65.00000		153.00000		142.00000		-8.67895
-60.00000		-65.00000		164.00000		153.00000		-1.50336
-60.00000		-65.00000		175.00000		164.00000		 0.29160
-60.00000		-65.00000		185.00000		175.00000		-7.10470
-60.00000		-65.00000		196.00000		185.00000		-9.91579
-60.00000		-65.00000		207.00000		196.00000		-8.03371
-60.00000		-65.00000		218.00000		207.00000		-5.56820
-60.00000		-65.00000		229.00000		218.00000		-1.76920
-60.00000		-65.00000		240.00000		229.00000		-3.12598
-60.00000		-65.00000		251.00000		240.00000		 7.99093
-60.00000		-65.00000		262.00000		251.00000		-2.31131
-60.00000		-65.00000		273.00000		262.00000		 5.52654
-60.00000		-65.00000		284.00000		273.00000		-0.50929
-60.00000		-65.00000		295.00000		284.00000		 4.45218
-60.00000		-65.00000		305.00000		295.00000		34.07245
-60.00000		-65.00000		316.00000		305.00000		30.83001
-60.00000		-65.00000		327.00000		316.00000		13.42609
-60.00000		-65.00000		338.00000		327.00000		 6.96103
-60.00000		-65.00000		349.00000		338.00000		 5.92755
-60.00000		-65.00000		360.00000		349.00000		-0.64569
-65.00000		-70.00000		13.00000		 0.00000		 9.57212
-65.00000		-70.00000		26.00000		13.00000		-8.30224
-65.00000		-70.00000		39.00000		26.00000		22.25308
-65.00000		-70.00000		51.00000		39.00000		10.70112
-65.00000		-70.00000		64.00000		51.00000		41.88791
-65.00000		-70.00000		77.00000		64.00000		19.82777
-65.00000		-70.00000		90.00000		77.00000		12.67368
-65.00000		-70.00000		103.00000		90.00000		23.13875
-65.00000		-70.00000		116.00000		103.00000		17.64065
-65.00000		-70.00000		129.00000		116.00000		-13.68387
-65.00000		-70.00000		141.00000		129.00000		-8.32116
-65.00000		-70.00000		154.00000		141.00000		-13.91960
-65.00000		-70.00000		167.00000		154.00000		-10.40258
-65.00000		-70.00000		180.00000		167.00000		-7.76831
-65.00000		-70.00000		193.00000		180.00000		-9.94434
-65.00000		-70.00000		206.00000		193.00000		-15.88768
-65.00000		-70.00000		219.00000		206.00000		-5.88903
-65.00000		-70.00000		231.00000		219.00000		-18.48791
-65.00000		-70.00000		244.00000		231.00000		-20.24759
-65.00000		-70.00000		257.00000		244.00000		-4.24625
-65.00000		-70.00000		270.00000		257.00000		25.68578
-65.00000		-70.00000		283.00000		270.00000		-5.37581
-65.00000		-70.00000		296.00000		283.00000		18.32172
-65.00000		-70.00000		309.00000		296.00000		14.01277
-65.00000		-70.00000		321.00000		309.00000		-0.02508
-65.00000		-70.00000		334.00000		321.00000		 6.98667
-65.00000		-70.00000		347.00000		334.00000		 0.05745
-65.00000		-70.00000		360.00000		347.00000		-0.03359
-70.00000		-75.00000		16.00000		 0.00000		-22.06282
-70.00000		-75.00000		33.00000		16.00000		 5.32004
-70.00000		-75.00000		49.00000		33.00000		-0.58791
-70.00000		-75.00000		65.00000		49.00000		 5.69418
-70.00000		-75.00000		82.00000		65.00000		-1.03751
-70.00000		-75.00000		98.00000		82.00000		10.98578
-70.00000		-75.00000		115.00000		98.00000		-29.29888
-70.00000		-75.00000		131.00000		115.00000		-12.36461
-70.00000		-75.00000		147.00000		131.00000		-19.11926
-70.00000		-75.00000		164.00000		147.00000		-27.01400
-70.00000		-75.00000		180.00000		164.00000		-20.62676
-70.00000		-75.00000		196.00000		180.00000		-9.83919
-70.00000		-75.00000		213.00000		196.00000		-18.10549
-70.00000		-75.00000		229.00000		213.00000		-6.07973
-70.00000		-75.00000		245.00000		229.00000		 8.56585
-70.00000		-75.00000		262.00000		245.00000		-3.23964
-70.00000		-75.00000		278.00000		262.00000		12.75991
-70.00000		-75.00000		295.00000		278.00000		27.77357
-70.00000		-75.00000		311.00000		295.00000		-6.82363
-70.00000		-75.00000		327.00000		311.00000		-1.06988
-70.00000		-75.00000		344.00000		327.00000		-1.32721
-70.00000		-75.00000		360.00000		344.00000		11.24849
-75.00000		-80.00000		23.00000		 0.00000		 3.54244
-75.00000		-80.00000		68.00000		45.00000		 7.77234
-75.00000		-80.00000		90.00000		68.00000		17.59731
-75.00000		-80.00000		113.00000		90.00000		-4.17682
-75.00000		-80.00000		135.00000		113.00000		-4.32699
-75.00000		-80.00000		158.00000		135.00000		-37.77626
-75.00000		-80.00000		180.00000		158.00000		-15.70269
-75.00000		-80.00000		203.00000		180.00000		-18.86193
-75.00000		-80.00000		225.00000		203.00000		-16.67279
-75.00000		-80.00000		248.00000		225.00000		-3.85050
-75.00000		-80.00000		270.00000		248.00000		-13.48779
-75.00000		-80.00000		293.00000		270.00000		 7.22811
-75.00000		-80.00000		315.00000		293.00000		-3.96394
-75.00000		-80.00000		338.00000		315.00000		-14.01299
-75.00000		-80.00000		360.00000		338.00000		-1.51579
-80.00000		-85.00000		40.00000		 0.00000		-1.98242
-80.00000		-85.00000		80.00000		40.00000		19.55633
-80.00000		-85.00000		120.00000		80.00000		18.41713
-80.00000		-85.00000		160.00000		120.00000		-17.80258
-80.00000		-85.00000		200.00000		160.00000		-19.54894
-80.00000		-85.00000		240.00000		200.00000		-17.86417
-80.00000		-85.00000		280.00000		240.00000		-5.51657
-80.00000		-85.00000		320.00000		280.00000		-12.53247
-80.00000		-85.00000		360.00000		320.00000		-2.50246
-85.00000		-90.00000		120.00000		 0.00000		-19.73068
-85.00000		-90.00000		240.00000		120.00000		-24.36764
-85.00000		-90.00000		360.00000		240.00000		-15.34166